Variable 1,Variable 2,Variable 3,Variable 4,y
8.837987306605472,13.413878285260393,1,Three,65.6210968249308
10.448512188249104,11.704508257663585,1,Two,66.64893212248047
15.003180491216327,13.028300628414087,0,,76.96594866176372
4.55644011551142,11.261989019391937,1,Three,47.07777220594108
10.399731529234248,11.76217258363173,1,Two,66.64195103288651
9.80803558764508,13.721244431405399,0,One,66.9103779311194
8.575081238984946,12.54306622194069,0,Three,55.950742875987125
5.645763652073102,14.690997156276051,1,Two,59.27250427375122
8.595929205766826,17.00289761987049,1,One,78.0281928445595
20.353599814578054,13.388209582480641,0,Three,94.34861133378014
7.977396835409948,11.437766074668318,1,Two,58.370805344670714
7.662763167663659,13.105089004434936,1,Three,61.231902156943924
4.907602496903751,13.925509811403483,0,Two,48.39940893628614
12.987132158910839,15.241368471552285,0,Two,76.56848339764457
7.766615531486082,14.781101060514095,0,Two,59.33666006558619
9.556793762893331,11.35838194326638,1,Two,63.040583440840535
5.250653461736883,12.689172698316796,1,One,56.99618937815673
5.96709633252816,12.756741235714133,1,Two,55.45453409924691
7.24055307358117,13.580921068508912,1,Two,61.4276093016498
9.657429636002133,12.190701190944452,1,Two,65.41969528696441
13.291013009380537,13.58309507092764,0,Two,73.38277400288115
13.664095218485706,15.39730077300801,0,Two,79.04224948951276
16.867392447779764,10.297955729563766,0,,80.1550284187314
12.077040366061839,14.006453844976516,1,Two,77.38965368815806
17.314864243150705,14.47985412937946,0,One,91.92938506627378
14.329649178005797,13.331550973921505,1,One,86.5710993991599
11.47449709563125,11.757114513619172,1,Two,69.94140417324094
11.178026491396462,12.201325429145156,1,Two,70.13201742935604
4.655185185050113,14.84935780231997,1,Three,56.29959399175033
5.826317613264396,13.18229256162707,0,Three,49.06907560983564
3.452024123722076,13.232482030367068,1,Three,48.572650343514326
15.312257715153628,14.478961749073187,1,Three,88.21998095088746
11.669935578476775,13.718571901682925,1,Three,75.1055162063895
12.870978756104176,16.731407572312943,1,Two,86.60999979640737
14.00862976712445,12.952164253149869,1,Two,80.72132538737715
9.181891376339635,15.645849890774667,0,Three,65.53364392183146
9.86832092275781,11.878953034547171,1,Two,65.29463608626466
8.507452389218578,14.939887071426645,1,Two,68.70985513449433
11.263151013278566,16.271697181554,1,One,84.4299482766633
8.781014712493038,13.440764066335046,0,Three,58.81686158297351
11.45062609714328,12.355287739188737,1,Three,71.04081732363498
7.757397537964554,16.6549309077922,1,Two,70.66174335702209
8.794505695606812,11.981675926243023,0,One,59.46281567310532
11.286892853568158,17.41437641186205,0,Two,76.73067049516413
11.441467062714457,15.823426786516215,0,Two,73.25220801294253
9.218123830973367,12.88116846095158,0,Three,58.77281905586539
4.637549796312253,14.178161353449918,1,Three,54.57677975088299
14.378468968161346,8.309194999657727,1,Three,70.00550879297124
5.297450948140797,14.011496586380089,1,Two,56.51002341230264
8.809411172243143,14.203095599842685,0,Two,61.113354010801515
7.785547581815012,11.573444957487842,0,Three,51.10739796449365
7.779836027934217,16.19175266891956,1,Three,69.26554429323862
11.784887073849877,18.488401597395555,0,Two,80.93512819210618
13.330187432699223,16.249585036271057,0,Two,80.13188916354991
8.797075166966208,11.485518182879355,1,Three,60.7014791424055
7.238293253316725,12.445594715927886,1,Two,58.59843689107939
9.183941693439273,14.76699626684483,0,Three,63.35529687258604
10.134729725641277,14.68774529464811,0,Two,66.40223969706578
12.802357471432458,15.482694903771442,1,Three,82.98049713721363
6.014702239872878,16.41327146087012,0,Two,57.99518647297085
6.872349253545472,17.880109666649282,1,Two,70.979919421351
4.268581410789192,13.8694250695684,1,One,56.90369580914906
9.4230429757012,11.538467266721756,1,Two,63.0760717638025
4.8288800962671425,15.1212147292193,1,Two,57.824614117034116
12.22208362373396,11.043116705784318,1,One,74.3877499419397
14.443972264149373,14.588414493706445,0,Two,79.43479996670618
11.024049231820761,13.081156742385978,1,Three,71.53064082394489
13.018230405423331,15.539331035286837,1,Two,84.10049564230336
2.2245109755168713,18.07134142986206,1,One,61.04980962279979
,11.69591380503081,1,Two,69.81509489337391
11.317215877796048,10.543027734144856,0,,59.743230014872346
7.064157051888506,18.941085508414737,1,Three,73.89441471680908
-4.7168449192411295,12.774053006247996,1,Three,22.25967458032484
10.347402528638936,17.63636903205835,1,Three,80.7688719403809
11.510694840482785,9.8378154892041,1,Two,65.28193453156086
19.971769626216833,13.638481277210825,1,One,104.72098112964997
11.011847724432808,12.140829783710405,0,Two,62.77403565398155
9.246855934593702,15.223053757120848,1,One,75.60974800825849
5.56170171310633,11.677661737939104,1,Three,51.2088979129909
10.415593812240907,12.46492432350966,1,Two,68.43774176149593
15.329465106914778,11.510772822510958,0,One,78.430545991372
14.427912166907257,11.343559363835745,1,Three,77.70073528375482
8.415994347153823,10.004907558893791,0,Three,49.15110977938172
5.038873507992085,12.381362974117023,1,One,55.57840528807317
12.623693284640934,14.548552944173462,0,Three,73.41231898960322
19.52032239805796,13.51962938776051,1,Two,99.11691799025468
6.101375927447661,15.239223446721304,0,Two,55.34381916655588
12.640785650473294,12.994454058408916,1,Two,76.61126459713651
13.870726438833227,13.377060586603633,1,Two,81.35257140698755
9.437015631651189,13.139100332684224,1,Two,67.09800402910554
8.401476990982985,15.902185958549131,0,Two,64.07987316159947
11.329511601420956,12.667554116107747,0,One,68.97972284504132
11.467134284198373,14.596736260301782,0,Three,69.96801027475603
12.689079785323443,12.312400955798157,0,Two,68.36913297684193
9.495538311399761,9.67931504628682,1,Three,58.36399959288464
8.735133034160903,11.254885366485672,0,Two,53.55575852021293
13.093089963234469,15.504876389330363,0,Two,77.55003711213125
3.1267772583618454,15.561955415817296,0,One,50.896894532875805
14.51953748051352,11.381074763707874,1,One,82.30774608524888
11.40366186834532,12.599438171954617,1,Three,71.5030032977331
8.687017321903735,12.939441307488064,1,One,68.20790177102337
3.499139540191969,13.675340658791074,1,Two,50.13267785862761
5.902926267301615,13.957034768040165,1,One,62.15791828216088
11.501598670048985,12.520809985823588,1,One,75.84075256829871
6.146183313340506,10.357826433514214,1,One,53.96058853313871
8.958709112045963,15.519925111051954,0,Two,64.84682588422935
2.111600247483411,11.705469329007151,1,Three,40.64609665109729
5.741023811925766,13.075052657735519,1,Three,55.235153604488545
14.753097699091018,16.768940122853465,1,Three,92.18931533012633
11.413138929558167,15.098142126773226,0,Two,71.36198956949852
18.330590147757395,13.5036272909125,1,Three,95.09685694553451
,13.0366491076549,1,Two,53.87333413718225
6.973985574929852,15.143888183665362,1,One,68.40881863653321
9.167370084765992,13.968295815895098,0,Three,61.31880975741817
9.234286107599175,16.58229029880596,0,Three,68.02292025062543
13.139110122481613,14.473426444185634,1,Two,81.82336283627129
7.012485243332393,13.214330326273242,1,Three,59.49954161632395
5.780639356367385,15.4609746070757,1,Two,61.60216048642789
12.66316547989312,10.04242567771973,1,Three,69.0280698635633
-0.4047538021201422,14.800712837584339,1,Three,40.585827286386575
1.2469302972765561,14.668871423633481,0,One,42.8838680513157
11.464906882869618,16.03992483508063,1,Two,80.55811433079329
14.543309638151772,15.899267613455956,1,One,93.61238346434682
14.789057377974338,12.50701135639573,1,Two,82.01974550569415
13.706248250924768,13.871822482347842,0,Two,75.38009634227882
3.938139014866268,10.688383176343795,1,Two,44.06049410405136
9.581019681590291,12.848141078814391,1,Two,66.81850063023802
9.126012192710222,16.882027232940178,0,Three,68.4343502649505
10.268057954817131,13.508648973504958,1,Two,70.5775951107001
6.018345088930804,15.592829861755252,0,One,59.88437602579832
10.037105159347751,13.25855976326389,0,Three,62.2347380369485
13.538406131778986,15.391128489000563,1,Two,85.33507944056089
13.810118263103401,16.455472894285634,1,Three,88.50418370088367
9.884195055725122,14.363230539776964,1,Three,71.20503058116302
10.025630199005203,15.337001464870571,1,Two,74.3754647563035
12.594294994828497,7.461952482962273,1,Three,62.40126408537969
11.036332128793944,15.398001426983248,1,One,81.5591332199019
12.770403888610712,16.553901614575352,1,Three,85.5448471923751
5.285350164182129,16.090333810031453,0,Two,54.944832983963366
10.096115676872504,16.08668917555059,1,Three,76.14228597640192
8.043952651119426,11.989952603408177,1,One,63.86596540912132
9.66077887450231,12.432358957850335,1,Three,65.71676045487627
10.165633609238181,14.424039294914802,1,,72.22347838388524
7.802674716746191,16.567013547813847,0,Three,63.57325284091699
8.92935775573846,15.24490141217067,1,Two,70.76821856409833
13.982994690468468,14.048553554293418,1,Two,83.36774592046802
17.81746334376846,12.980707410151748,0,Two,85.83418262212138
8.266996862037317,15.75206046771737,0,One,67.2096994100998
12.770737868615562,12.013916184978106,1,Three,74.26032366881414
16.255860701123034,15.379783900712628,1,Three,93.36708836345947
15.32166991326233,18.248761610675537,1,Three,97.62000161450202
11.572435946060974,12.373259511210723,1,Two,71.77483613923114
3.2885189617801833,13.664676142126085,0,Three,42.44764199965509
16.230836206901905,13.404994394228908,1,Two,88.69498752627572
8.312415270862052,14.36505796224175,1,Three,66.36593423725505
11.91864640917594,14.533845220614499,1,Three,77.89856685170176
7.9049629970418245,12.888246903939637,1,Two,61.75321471352149
8.471408670553691,13.018477939958,0,Three,56.81304710489068
11.199386444739341,11.644371610125472,1,Two,68.81335804850374
6.5898436734157935,11.64795556838799,1,One,58.53480344899972
15.670903839044037,12.106476757303216,0,Three,76.73214159680641
9.728421747369172,15.561735768596582,1,Two,74.01822652748879
14.355167225887037,17.609558406667414,1,Two,93.36663336981326
11.297132347019875,10.694992757808215,0,Three,59.74512478287846
12.747775788548365,13.301649379871696,1,Three,77.39062643136566
9.2889257770811,12.8989313959392,0,Two,59.349131412835824
11.132019137573984,20.243927793474803,1,Two,89.98264176165293
5.717620208551315,15.004972438632533,0,One,57.496350768499994
15.778536264443325,12.27917466380642,0,One,81.72451871625026
12.09624933163211,15.593810377782281,1,Three,81.08074748992419
13.859208325644087,14.930826566017496,1,One,89.0968755077754
0.7273295114305718,15.082060379605782,1,One,49.00526251742107
3.863952339865862,12.898962901097232,0,Two,42.63146528118284
8.727803739716853,11.6873411005506,1,Three,60.989704384233036
13.954021080705788,14.430738644750267,1,Two,84.22850055480474
8.33693566411402,13.865538609581307,1,Two,65.51375731395937
6.408873528847993,14.677676087926496,1,Two,61.59101057116887
5.571954106434959,9.669486241122026,0,One,43.7844436677263
7.196425876962141,12.774222672279283,0,Two,52.59082477954644
7.6421388195651705,14.030553167863442,1,Two,63.78284787889664
13.283991979019408,14.8143335731607,0,Two,76.42176591849196
10.785170001134333,12.617185664183385,1,One,73.8725585312526
4.161137464151945,12.681063192210388,0,Two,43.00562114538351
10.378612377202723,14.476869131837649,1,Three,73.0111245702254
14.49595696918383,11.131162065893196,0,Two,71.00091598675607
6.8805867793843145,14.736149643181234,1,One,67.10743681120584
4.372605393575588,9.675694193618863,1,Two,42.8820024383063
11.267170541641944,13.485671900555566,1,Two,73.59937070670061
7.7859213118059944,10.49959207915621,1,Three,55.13465267805115
14.111517839384474,9.13337712337768,1,Two,71.54559909984411
7.709143872635868,13.957339480017158,1,Two,63.80733695390747
11.473025496968205,18.465041790032085,1,Three,86.29754717166587
10.952413325795405,12.13539172309661,1,Three,68.95889113646406
14.194877154496234,13.142218719757846,1,Three,81.45373829220806
10.589502697396325,15.887074022613172,1,Two,77.48048671767287
13.095724026453826,13.979611084820446,0,One,77.68405835592833
14.73433980510998,16.830307503603525,0,Two,85.90253017549033
2.555548575125406,17.123788997600812,0,Two,49.10157865620265
15.158958810178309,15.563475872833209,0,Three,83.74796975154273
8.675885412495722,12.143644870970773,1,One,66.19539661531277
9.609720592955258,13.740921288631327,1,Two,69.12623037631232
13.620042021985956,16.229207577722285,1,Two,87.66995831208452
11.108205997824312,13.898884663128301,0,Two,67.4411707782189
8.640153911015899,19.91131347360563,1,Three,81.16285398549938
3.9878580643669252,14.75667369351331,1,Two,54.32671726347013
8.243213178974829,15.943732327274827,1,Two,70.39093958615993
9.67937924348073,15.641423000534418,0,One,71.28711104296843
5.115975538221219,15.930917402089365,1,One,64.6395319024161
15.516167157433312,13.754517533813102,1,Three,87.04752127044537
14.379716133719352,8.140460612742828,1,Three,69.58991003658205
8.298498457525673,11.476859473212937,1,Three,59.14352777962897
4.868872043647287,17.36693239206864,1,Two,63.53028751466502
1.1667969156098046,14.475728064157439,1,Two,44.934880978327875
8.26920379787368,14.85807295058231,1,Three,67.45831543858613
3.022581568488791,11.563165880267931,1,Two,43.413633403777325
12.899403774812157,12.921822436408407,0,Three,70.21820877154023
1.3304876078621923,11.428802368658184,1,Two,37.865228518994506
11.331310669813174,17.868887602789243,0,Two,77.99737925486977
7.393259849479508,14.02192493951849,1,Two,62.99444757454315
10.299969995041423,16.161126248936533,1,Two,77.2694973954273
6.688965633759572,13.53885611700085,1,Two,59.62325698753042
8.630710489015925,9.168402420827015,0,Three,47.73338986833467
5.922472032989209,12.81335896204222,0,Three,48.44828789346591
12.284947289467393,13.47320330293984,0,Three,69.69531256924996
6.834692885875253,11.60837904203419,1,Three,54.95955804718566
13.880109818096606,18.61091556701595,0,Two,87.69636986817079
4.6596569074406995,14.549597994538546,1,Two,55.88219932586419
13.189671289472136,15.30868493681217,0,Two,77.35996955824558
5.97979479560338,18.13758337861472,1,One,72.78685858425932
7.0795265860686545,14.756282223379587,1,Two,63.85311323626942
6.786189517393597,13.359730022422589,1,One,63.395018505364256
4.697448633409509,13.860085724415358,1,One,58.20208874696194
3.342065293732932,12.426162141179496,1,One,50.46083766601791
8.61361454752562,12.709961667856001,1,One,67.41125843540513
2.48410473104943,7.197217876572806,0,Two,24.205820379197604
9.54269928733515,14.427050502254872,1,Two,70.62528431870528
11.731587360469737,12.4919610458257,1,Three,72.2463793497223
5.088373992879213,13.41002537923572,0,Three,47.36110974245241
10.896616907596654,14.31205966626301,1,Two,74.51170770801933
6.719667118801216,15.229882016508288,0,Three,56.91196908799954
11.30229011959382,12.401707615681502,0,Two,64.31756415857933
13.815043159462903,17.14624427176457,0,Three,83.54098857742184
8.975081920034638,10.226422535795296,0,Two,51.738625673577026
10.982236812662912,14.632877286528341,1,Three,75.25907693711133
18.083546868045854,11.207809255628744,1,One,92.85998795665915
7.230080026967677,15.222605139681454,1,One,69.39368180302017
11.579008741639269,5.492026375117673,1,Three,54.37566355938288
3.7170751356556773,15.034778889294614,0,Two,47.488082700357964
11.565053919153437,13.489996534559234,1,Three,74.21411454192892
7.447932668477074,11.868602899771993,1,Two,57.81017387276502
8.226506334156868,14.74239860187483,1,Two,67.35316487983523
17.643707953577536,16.79933399273155,0,Two,94.79112318130805
13.346699436570352,18.23395136926519,0,One,89.03296338889629
7.860547299154295,14.751771693837675,0,Two,59.55321542647357
8.193885861799963,18.91192672474276,1,One,81.53473372688146
9.268654398327925,15.670714281124864,1,Two,72.87229521878957
13.103755015784502,14.430608942273693,0,Two,74.91247533139702
7.237222117302117,13.627036096643016,1,Two,61.53197785230001
9.43145396373971,12.626414953800321,0,One,63.02835299531036
3.243519263982728,13.203386217671051,1,Three,47.857789408531445
11.148822600504605,10.307050763473097,1,Two,65.33321020802524
9.937288585057837,9.360617437809776,0,Two,52.55155850953679
6.418828685598143,13.01389648036068,0,Two,50.79034446232866
6.346281911203841,15.724215645744177,0,Three,56.99015589854318
5.512721094507065,13.635049580035504,0,Three,49.22815719563556
9.013560636052363,15.45450049237255,1,Two,71.54872445344019
3.5061479319242785,15.950700578122143,1,Two,55.81039333461812
6.002675277539812,12.066931274202858,0,Two,47.153936909888095
10.034367569399155,14.169386466687415,0,Three,64.49044624968752
5.657586491747165,17.09931398398068,0,Two,58.60006206155928
12.445314164058017,12.632618454524275,1,Three,74.79546706659886
7.173294230436629,13.137255786227572,1,Three,59.803502069381416
8.394238798456673,10.953566998434836,1,One,62.3691563113559
11.856576582051103,13.694923604086592,1,One,79.8532884341851
15.299761892755015,18.306366890603112,0,Two,91.31415706759633
15.476694786325222,16.063031936710118,1,Three,92.66441620525072
4.6773866391191365,13.64543238657225,0,Three,46.679777720906216
10.888484623223043,12.046852607874643,0,Three,61.84629510810688
8.990837133604561,13.68187379341692,1,Two,67.0722814133836
10.278098343260375,11.482957732418008,0,Two,58.87754717612561
8.06939420855268,14.423853426051888,1,Two,66.07716032296135
8.989976996143888,16.158193753125914,0,One,70.44722570400575
12.659505617355638,12.858660888248885,0,One,73.55332388371816
10.470157914159337,14.380337259093245,1,Two,73.36724546953404
8.550965699795173,10.72233299803732,0,One,55.581825807390075
9.414002078271889,16.979408867406367,1,One,80.49079963518535
9.938537321279558,13.29913979259655,1,One,72.95876255866375
,14.956851940743965,1,Two,58.844153459710896
15.697892098630103,14.21484350162816,1,Three,88.75181381469275
6.4311558763315055,17.730196606124455,1,Two,69.24767024560767
11.940590995114686,12.897469675414666,1,Two,74.21244086826738
6.901211384791393,16.17163002528302,1,Two,66.82190162161668
1.82530803024531,11.947961179647338,1,One,44.59803962998154
12.722744712853627,15.929886689006121,1,Two,84.16076710597699
11.803662481629512,22.336432767724077,0,One,94.47589881233374
12.793701206232129,12.983364660107558,1,Two,77.05492713227711
9.117043517279946,15.771482972097687,0,Two,65.96007914368694
10.682977227254842,14.825245832105137,1,Two,75.12903451541322
4.038584956001669,13.3211544206634,1,One,54.832034475477414
15.657806752518702,11.273326309173044,1,Two,81.63019724282549
4.273650422878992,12.8347803740156,0,One,47.651883880592365
7.222198372026046,13.131252170902588,1,One,64.17068204123157
13.74142937971315,13.574883053655407,0,One,78.66780336992107
9.619348663098833,12.269829537493198,1,Three,65.18507032639471
15.073490885191912,13.608153735780904,0,Two,78.93799703915282
9.098609368291129,10.911698607583034,0,Two,53.822759044055694
13.864617615371971,13.390977267736499,1,Two,81.36834055237871
19.591978230516823,13.740261438337347,1,Three,99.572212610863
8.983469555974747,15.446477622892647,1,Three,71.122079776147
11.025089202511557,14.52867557889383,0,Two,68.75057797804408
4.5776931987755045,13.831571742284718,1,Two,53.84473908683824
6.394239936133186,15.123808641647681,1,One,66.57234486373898
9.97031910227189,14.648818863229241,1,Three,72.18035180217427
6.622314579966679,9.520061763146355,0,Two,42.73239391935152
12.012211035516485,16.137499333984575,1,Three,82.17328163697556
8.42778760081653,13.276245597583797,1,Two,64.32885713159267
12.207242156742968,12.994321804939256,0,One,72.49684421490923
9.662364634465867,14.273502541439687,1,Two,70.61235683269247
14.863218297754191,12.117287149781095,1,Three,80.9655286312021
9.560875914690477,15.380299458643924,1,One,76.96832378473435
6.909183753122832,15.961791015034198,1,Two,66.32484904320927
19.57957757603264,13.100920216446427,1,Three,97.94471599102556
8.248106993063846,11.848388628317753,1,One,64.1431914300969
12.597995040563776,13.379135417554624,1,Two,77.43564564721396
9.597472641288066,10.675049359020182,1,Two,61.467303860677845
,13.659045742819869,0,Two,60.693845429063074
11.20772331787205,19.36895223100026,1,Three,87.72693673355084
10.161628397022605,9.488199441559875,0,Two,53.56003506936455
6.2971221016770365,19.31141829565604,1,Three,72.45127701600943
5.080029326928646,12.715636981971523,0,Two,45.92324705110295
10.780650082360307,11.475863249137534,0,Two,60.40858861288348
5.574897220953465,15.169754343047709,1,Three,59.930249144486794
12.791895560677148,15.348737696960923,1,Two,82.92923676982163
11.26801764312006,13.94899771753677,0,Two,68.05822231345435
12.924496007366823,9.942004862012407,1,Two,69.89773758530178
11.48548231172234,12.331808606394572,1,One,75.32126596424031
9.527681697202278,9.42564454651404,1,Two,58.146448051172406
-3.4743056981835387,15.10840569124901,1,Three,31.89148013723008
11.20592986898317,15.178073648084048,1,One,81.53507095855356
14.19600806843917,12.388197411524827,0,Two,73.20133959405165
9.02886658644197,13.35273225005354,1,Two,66.37128982397195
8.726845066245776,18.35018634688307,0,Two,71.16780626729836
12.511145884887148,13.343881604118161,1,Three,76.7664027314327
13.894529790683917,15.333199385892545,1,Three,85.9745469770319
6.683145418825891,17.181142628971845,1,Two,68.65936275242079
9.638995720326134,13.187380853106516,0,Three,60.83097582558412
7.209507727627309,16.13901010669569,1,Two,67.6908689432208
2.694365385060215,12.571253709932474,0,One,42.130038630127366
13.680918722208636,14.321918129735423,1,Three,82.8024217167192
10.684180752034171,17.310541301175835,1,Two,81.31072197959041
11.390888871349059,17.017314108104024,0,Three,75.75015312936038
7.64213287269629,14.817737976384898,1,Two,65.73962342344637
13.770938690910882,13.176830620960583,1,Two,80.54732863180884
10.629535173474098,13.681764835518626,1,Three,71.80789479354752
8.321081477603814,13.83733460075674,0,Two,58.69929077505558
8.956779255569888,17.987510804657827,1,Two,77.6703342255401
5.769986428826592,8.644512032282003,1,Three,44.31091212735058
14.644744785636238,17.79071939233403,1,Three,94.39536379402931
9.858734994808225,14.099323931115789,1,Two,70.78452165669617
8.924309372086705,17.21763439560162,0,Three,68.64703390771427
15.494038642668563,9.609716135105009,1,Two,76.99010198178098
15.082927687644476,14.976966172057924,0,Two,82.36968886702431
8.670860806158469,15.435983785209777,1,Three,70.13265050878618
8.941373760270633,13.042363667906612,1,Two,65.33015145687689
7.545170399414509,13.425201222364,1,One,65.89666358999426
14.232305500767456,15.541529577356169,1,Two,87.8472873613635
17.277988071931436,15.00051598430502,0,Three,88.87861471958445
8.30912944491445,14.784295407074321,1,Two,67.71192609003911
15.17772834940812,9.501293720927,1,Two,75.74583385456026
11.822860822183838,14.116730413426941,1,Two,76.88049402793918
0.794641060184242,13.19433531025145,0,Two,33.90723330645966
7.0655340591885825,16.98867418797394,0,One,66.58122913168208
7.936296432415298,12.950324655820294,1,Two,62.00408632724269
9.635334144238461,11.72529844824021,0,One,61.41662894576919
2.1155769367315154,16.753978847234112,1,Two,53.52197145098042
12.78350311224473,13.318272721977628,0,,70.84654725659767
11.884363678478868,14.611668047700048,0,Two,71.60484509645924
8.284762681519846,16.65381513502652,1,Two,72.28411240371803
2.3944844665042453,15.404978979603571,1,Two,51.02809962515921
11.370755960751904,15.84922186187015,0,Three,72.78445265218942
10.292569072514684,13.41002647691201,0,Two,63.712472221690284
12.732254200204617,15.29406574544165,1,One,86.52696779082336
18.64384810765943,15.90817657402932,0,Three,95.34395991950078
6.842179408149624,11.734127621716805,1,Two,55.60918795658158
14.238927035873658,12.979050937766727,1,Two,81.49785091938561
7.128425159452062,14.020330627988155,1,One,66.09179036066078
9.837186112842147,11.880553280459436,1,Three,64.88869628389807
6.0537837079618395,17.23970275075083,0,Two,60.16997424521043
7.830991491027239,11.943460892921248,1,Three,58.86272936533433
8.995015191992069,14.782643649166985,1,One,73.73889181372833
3.233478441951104,15.77704466451793,1,Two,54.53845163264574
20.7813206214108,14.566441403178642,1,One,109.52245022923964
12.149255197028907,15.612735295754593,1,One,85.52253510522239
10.698007368423132,11.331865547270072,1,Three,66.17749143088028
10.744650248568046,13.223542530715473,1,Two,71.33755360456686
11.398804619325427,12.353204209192787,0,Two,64.49441546758275
3.19064271696387,10.229545552249201,0,Two,33.92090506116345
6.030640011263156,15.150278289890512,1,One,65.51766411311893
14.22479011231081,12.719917774264378,0,Three,73.80065791124804
11.92579417607869,13.178061213572557,1,Three,74.5503687128232
13.621130514483022,12.113974151226222,0,Two,70.74811380019197
-1.3308315989049415,18.36606357099094,0,Two,40.213266418254875
18.82891608491748,8.909598598494746,1,Two,85.52658929049839
8.223116120832504,8.989684446862993,0,One,50.26447620234537
6.180229039451622,18.963662057315233,1,Two,71.54057122772566
9.464393176568686,14.988802684045558,1,Two,71.7803847154495
11.153806582591908,14.674112413880499,1,Three,75.89029376388443
11.053325989103069,13.000296884337901,1,One,75.6512579319196
11.695307442389943,11.615954045207443,1,Two,70.27096082980282
2.162061001896375,14.281419019943229,1,Two,47.518897768116275
10.148034013773865,12.0054659596452,0,Two,59.77559493573426
6.794884794796192,13.920749953422844,1,Two,60.89897681928621
4.074388922631886,13.551343974908765,1,Three,51.28317751327221
10.365871971454542,13.989899822404706,1,Three,71.76134897489973
7.233799374746243,12.498401844065812,0,One,55.93778475256936
6.476370720199555,9.515224515031557,1,Two,48.96612486446281
10.17855862883554,16.076464725004058,0,Three,69.67542836182743
16.540394346873423,12.944038429913379,1,One,92.42050778962859
12.565984870745986,13.433742812128424,1,Two,77.47274599100203
8.645592067146401,13.024658838942438,1,Three,64.06067988481387
15.29577123539128,14.873433352331192,0,Two,82.76823010195844
9.395973993273191,11.704322913007926,1,One,67.32236897208902
11.377300360910322,13.801033903304393,0,Two,68.02718057847875
6.951233885947016,14.51118300925512,1,Two,62.84849229099291
6.289624859725475,10.584449057500496,1,Two,51.04853556338468
11.050650215255164,12.330985803319663,1,Two,70.06180264608722
10.75321205762125,16.625127800900053,1,Three,79.5056693926879
3.088963684860544,18.17644478745597,0,Three,53.04809816569068
10.505491796288002,15.665904440754097,1,Two,76.67181033848155
17.976646288720257,18.756297951370065,1,One,111.29468812806455
11.00130359440887,15.117838202775694,1,Three,76.52335557435293
7.115902760481372,10.382945544246756,1,Three,52.77994402132702
9.50567278328978,13.742889287888538,1,Three,68.49651407343934
7.205104119513928,14.66535564791608,0,Three,57.004598113079446
9.380195796063385,11.81363426715883,0,Three,56.61857450545091
15.958171718736107,12.086600668405321,1,Two,84.5774576260926
6.461591474435981,10.453777098463942,1,Three,50.93967468235365
4.743555606673288,13.143748383120972,0,Two,45.95056525129332
13.83917224818693,12.771095948891663,1,Three,79.43504682132945
15.42707976194745,15.123146574548558,0,Two,83.79361425849818
10.172376311449975,12.215973582891376,0,Two,60.373891306964055
17.398781725075626,12.107909864624595,1,Three,88.75587909614201
6.474535138662693,12.748019483829767,1,Three,56.682618725037926
5.828735333226862,15.525396023041427,1,One,65.82794157833447
13.705247695784857,14.418934844141496,0,Two,76.73703177588341
7.545630940286807,12.103474492351658,1,Two,58.69509025274962
9.312432198194813,15.281071141259964,0,Two,65.34312229186625
10.455421663698532,16.561783382604048,1,One,82.66192764682528
7.87302511776568,14.211096637064335,1,One,68.86057821106633
16.35474492893546,5.207506507377747,0,Three,61.68993796142234
4.685090751275643,14.949845843466127,1,Two,56.955518068060705
6.155155556928823,16.48209288943267,1,Two,65.29458834426103
3.5611072296928388,13.759633656209862,0,Two,43.837675780734884
8.866726445630716,12.170049789390694,0,Three,55.922235683292946
12.299825496419091,14.773869734596346,0,Two,73.28834642677167
8.594753666652295,11.07260779206033,1,Two,59.365553765979996
14.800478132180483,13.14836388983741,1,Two,83.64922218188885
16.410584219695405,12.831657566821205,1,Two,87.8236959731754
9.95676439410907,11.035813086510162,1,Three,63.157326170710654
18.279069761721985,11.908072750565308,1,One,95.20324035780153
14.620669151505837,14.867241837475792,1,Three,87.0539544959365
16.876805333234664,13.840360977215967,1,Three,91.45389127571255
11.402400341123982,15.730549980017084,1,Two,79.59644459087538
6.551821346590996,15.24263411706078,0,Three,56.42643036130758
15.740325040387928,14.23948820035494,1,Three,88.94383841357721
11.747511372444453,15.165379697526578,0,One,76.47696837245664
10.61258207831894,16.32262504462006,0,Two,71.93880698261137
11.088205243762161,15.427966984210292,0,One,75.09797559664293
10.425982717836039,7.681122060679163,1,Three,56.26414898175425
13.1295641518084,12.218165175492697,1,Two,76.18778896643285
14.057136455579535,15.772128840920171,1,One,91.7981359181113
7.374766236602531,11.608725241357885,1,Two,56.93869508021271
11.362024978448973,14.281191081093562,1,Two,75.86918825432487
7.7108663408517994,12.217210070447848,0,One,56.70893714329315
5.448252611650199,15.132303729980311,1,One,63.67828200987415
15.561583719642645,16.82163340525059,0,Two,88.4302251495657
3.6301646415011195,13.50339642435814,1,Three,49.79505536591416
10.774945325123548,10.715565449535973,0,One,62.418478541268435
6.852741460269134,11.451585615479617,1,Three,54.62541795441168
17.10706265812079,16.179443516981177,1,Two,98.29195101777213
9.845232832655254,13.739340222197379,1,Three,69.53408916698183
8.61821053535015,10.443911448701076,1,Two,57.87501782917563
5.616473654487681,9.80763172480044,1,Three,46.72914054246132
11.149092172545952,13.27888816224758,1,Three,72.4074997659173
3.5021338053935738,14.625035141019634,1,Two,52.50266752284423
10.869483021991291,14.264345221191506,1,,78.22690969704486
9.663856236185696,11.964534760544192,1,Three,64.56332047810882
12.485103487119023,13.787276573501785,0,Two,71.40681842502282
20.636887937869922,10.424891885354004,0,Two,88.16931919817303
8.49275893545478,12.886138411912787,1,Three,63.245369369556855
15.864862265793985,16.194276062022375,1,Two,94.50082371499096
7.514672826266109,14.048286894640848,1,Three,63.120156113002125
10.59650482106101,10.41925085543782,1,One,67.82750890832433
14.955742868748981,11.077841253821768,1,Two,78.9807590424479
12.984892284291856,14.131269711970637,1,Three,80.18361164668079
11.928839658674173,14.946508320884629,1,Two,79.26975359871581
4.8949179257414155,16.94090299007639,0,Two,55.85602200494535
6.42454634675671,17.717466863274858,0,Two,62.500158415282975
9.665884104059554,11.773584118532149,0,Three,57.39940213815964
10.19481489225953,14.177945536779642,1,Three,71.70166126192454
14.210929270984849,10.598495023201153,1,One,79.41138416931246
7.43882766292419,17.82336011777578,1,Three,72.27055398054728
5.950666813440917,17.220278110116986,1,One,70.4168480668146
11.709986921838514,14.21206665930873,1,One,80.6870744770999
8.509992816022542,13.065378382860004,0,Two,57.362506601187896
10.119141505423238,17.222341344533728,1,Two,79.35023324046614
13.204890355933255,12.195652257490625,1,Two,76.36395333455324
4.299364522504078,12.742987786368586,1,Three,49.967046436513236
12.44614109395433,14.909635036822921,1,Two,80.77222358050629
9.93126813379767,13.790040490659765,0,Two,63.5437211070336
9.090484243053682,11.320896414578893,1,Three,61.19643760761099
18.345932230608803,11.797389652704602,1,Two,91.21672044345574
9.06782325766912,12.922370889733074,0,Two,58.726042113881874
1.8655699435193327,18.078368878132256,0,Three,49.0342566937174
17.187803559261983,15.209084431999932,1,Three,95.81466172782258
4.202436500360955,11.485981660845827,1,One,50.775068348714605
9.50878796689063,13.036376427899896,1,Three,66.74985537817513
10.907728473618667,13.57955448386139,0,Three,65.71560702427594
7.484782975455267,15.234400838966238,0,Two,59.59497553527529
9.444157665921297,13.570169163506828,0,One,65.41349711843014
3.480710474055642,10.86632476181699,1,Three,42.77922755775984
9.857061681887501,12.413202146715692,0,Three,59.578510634874526
7.781899947832769,14.469201343585498,0,Two,58.6084367067386
10.110415138986552,15.503334757755836,1,Three,74.73624185579351
10.099153815888197,16.474874987377422,1,Two,77.43057739136246
13.356055769422682,13.755806952398633,1,Three,80.39406901506031
4.497206494094587,12.915365833904083,1,Two,51.319192948180664
10.299322572977708,5.727662295905576,1,One,55.24929439078655
9.587936938966033,13.536045043676685,0,Two,61.854317369966815
7.686910377431564,12.295506639094565,1,Two,59.60781669535896
9.66857707238946,13.496259292304867,1,One,72.61684790007817
7.685641918571611,14.203142132715936,1,One,68.26335968430271
13.68685021723823,15.093783506219314,1,Two,85.05338484987001
6.591831825670219,11.295300901710625,1,Two,53.74686913017297
12.321920482897813,14.084505692189644,1,Three,78.02433327721688
14.598767428119537,12.96845422219395,1,Three,82.26643148417403
9.981380929952746,17.817572350315828,1,Three,80.09136739214715
13.079358007075955,17.043057552872316,0,Two,81.33135037524546
5.863537165710592,14.118146293205124,1,Two,58.51960114578657
14.79112405638736,16.03399755716077,1,One,94.71096844272901
15.09036024983834,13.402168269058386,1,Two,85.17344084265538
11.036098312098753,14.11936132018281,0,Two,67.76702542876687
6.352361372960846,13.911989259312106,1,Two,59.51350726505658
7.94511222268603,16.29994093535852,0,Two,63.662271494480706
3.0130258026309784,10.11596182775637,0,Three,32.777236297049896
12.807369557472759,14.690402951481145,0,Two,74.6449251166405
6.280796554766116,16.106861828503927,0,One,61.970940651222506
7.689178260273915,13.85678808157407,1,Two,63.49585845695689
10.97711154073719,10.520919689725815,1,Three,65.02172699103285
,10.294718666629883,0,Two,54.596923171674106
16.968790940688617,18.61134729523991,1,Two,103.91110607940541
9.627991912719667,10.443237810491242,1,Two,60.985112815664806
10.960162746365468,14.336197310536772,1,Two,74.76753393739698
12.219194843783834,15.825578798420493,1,Two,82.34972438672378
8.270271515334962,18.74317430068357,1,Three,77.11923941192185
9.171167788961164,16.218728813693428,0,Three,66.9246674379055
9.30361166227062,11.176573335324267,1,Two,61.80842853359303
9.86932161417061,11.926055562496902,1,Two,65.41480789868793
20.544795338291234,13.076504257783421,0,Two,94.47693545393192
4.165865209030621,18.14376027900552,1,Two,63.2949311990646
6.163263665449794,8.7557339448244,1,Three,45.799322691069676
9.741751394188665,11.482630428369568,1,Two,63.919412308174266
8.348070693937341,13.050032617106014,0,One,60.742803994683
11.95943496984606,15.304841547494505,1,Two,80.25478616396781
17.79824075376631,15.031415537076702,1,Three,97.25414988150995
13.85140522637124,13.617046921620055,1,Three,81.57561983547077
6.623288802580381,15.374426619152457,1,Two,63.98374967093747
12.056372885906535,15.302923101864854,1,Three,80.23477192033043
10.07344239983077,13.310951087348412,1,Two,69.48642268285539
14.287135286121867,13.071144820635384,0,Three,74.86586707748569
18.964547318151695,10.720311048217509,1,One,94.36307354436364
11.759949424458272,11.938836267247895,1,Two,71.27278798246117
14.942904642532792,17.227744465316206,0,One,91.45063065630413
14.160851191383259,17.976876904918914,1,One,97.59833643635763
13.800694602555087,14.461736720310194,0,Two,77.13756097848598
9.461883273183034,12.66107410631615,1,One,69.90378090326797
12.730613816038062,12.992011495114625,1,Two,76.88200974019891
10.89337824646932,16.16224185012575,1,Two,79.10093344179256
9.370639861775832,13.547578656045147,1,Two,67.90885920630413
11.960589155798283,10.989377880706218,0,Three,62.52143740818612
10.669590394078126,16.57015967806139,1,Two,79.42531001378272
22.811031972291087,13.697984294339768,0,One,106.92294192100897
5.537299039272409,13.06645783783157,0,Two,48.204456612342206
6.252701482729016,15.271620964364466,1,Two,62.58618220574565
12.028875260100746,13.51792193028866,0,Two,69.33132806626793
13.646954901740427,13.337314680482871,1,Three,80.25021828770332
4.295212621918551,13.699264550112204,1,Three,52.331376601469636
5.696973331644943,14.455746643448917,0,Three,51.836052912739476
7.801818320534687,18.29864157501518,0,Two,68.18908826069382
11.002455991121561,13.602746214083398,1,Two,73.0746440058758
12.914566429527753,11.854799144730366,1,Three,74.30801450653048
8.220465322263196,15.32307881966453,1,Two,68.77801090344613
12.839374918861484,12.478715332842357,0,Three,68.93174103427353
13.398777607867398,13.716631880889617,0,Three,73.73283992913605
12.888772007304375,14.398273277334292,1,One,84.78252513320204
5.311541338395291,14.412661123609512,1,One,61.46809224601062
7.844191438061823,11.074623250586894,0,One,54.27953871030363
10.695160034039642,13.840747839416377,0,Two,66.0237999514002
8.112818191675332,12.68466642070798,0,Two,55.19218399685284
9.955323382580861,12.331758869509937,1,Three,66.37436379298686
16.21580585590235,11.254102275040879,1,Two,83.30195498304629
6.165158105437214,18.173190058474,0,One,66.75109071892491
13.15979664497884,11.794529496845676,0,Two,68.53237537782836
14.801671099228626,15.096096982046738,1,Two,88.49459781209858
4.841600872019634,17.045838778068813,0,Two,55.95256943230261
1.9784935804492747,11.719959078639553,0,Two,33.89040223019245
8.026745058236259,13.877769242333285,1,Three,64.27429679397888
10.049063772215373,11.231241475864564,1,Two,64.24152860878165
11.631307927555612,16.47474322102894,1,Two,82.15177727534764
10.348404260310344,14.234756515124952,1,One,76.54758735566371
12.330347804956624,13.072488207405806,0,One,73.07051692410283
12.393677524647302,18.067555390107486,0,One,85.68247615146
5.806612144886955,14.616641814905432,1,Two,59.58334588684185
9.225539124180946,12.93208441025085,1,Three,65.61773770008843
7.827561768741198,11.472482335783605,1,Two,57.995367679717894
5.628406192832041,9.098598375338522,1,Three,45.0033881810188
14.498866396065257,13.19522441123293,1,One,86.75368146241013
9.46233274343835,12.87742494732851,0,Two,59.83004599718065
7.9266204121970265,13.59222887580556,0,Two,56.87442203245756
7.367577651321,15.55290664852468,1,Two,66.72103815524312
5.506465367969488,16.349681552886565,0,Three,55.956945587425416
6.086192508757705,15.074972503716094,0,Two,54.88873247974577
8.673326703782676,14.750194108324889,1,One,72.66690441736749
13.220643857390817,16.051387813953596,1,Two,85.99713555774814
16.370505381935537,14.962920174170945,0,Three,85.98863545224684
5.225675610002803,11.45789476602176,0,Three,42.93159134494793
10.429785383667946,11.436906735510915,0,Three,58.916544061064094
8.784405116727239,14.56274081513445,1,Three,68.31183339036733
4.796544866101899,14.322381008366742,1,Two,55.73921811675921
10.174127015599831,12.881347196519364,0,Three,61.719308554707496
9.113204875274123,14.901982268743515,1,Three,70.16836225398849
11.05157207052228,14.149375702714531,1,Two,74.5848198798877
12.363419438088552,13.418193883982777,1,Three,76.495891326393
9.609452381983164,14.125544524668252,1,Two,70.08150511456824
5.27580701600278,13.04072764362558,0,Two,47.33467530189661
9.595614285946818,16.905483993417686,1,Two,76.94926966447323
10.049350488402439,12.814674928356759,1,Three,67.86455905429348
18.521043404175966,9.901493245216791,1,Three,86.72953284485627
12.910738031918736,11.909004464338528,1,Three,74.43096107658475
11.620699565736924,12.777193207707818,0,Three,65.91819824533754
9.818646649691262,11.669292858012192,0,Three,57.61091079504397
15.65646251812148,13.50959797862133,1,Two,87.18500697903978
8.848158716423464,14.31463002301418,1,Three,67.89154128345618
8.73570182256017,15.244814733480888,0,Two,63.47572777953521
5.75795989384171,12.57828073344539,1,Three,54.05246241091433
7.9060696529397845,13.010569911498418,0,Three,55.051225265526796
9.609909470476023,13.260965502096274,0,Three,60.92426049705482
14.033909488019283,12.681605248145349,1,One,84.04409675751813
12.509313589622435,12.658769419121231,1,Three,75.0576958181906
6.714126256094179,11.224177383021107,1,Three,53.63296336638288
8.491502803209706,16.169133107055238,1,Two,71.71637967375457
-0.2819742873005513,16.320815207664257,1,Two,45.056849332261315
10.905079072098355,16.09667728843231,1,One,82.89143748048174
8.83856762149454,13.236661584564681,1,One,69.41375715408117
9.804675407601733,17.995559955204467,1,Three,79.98927070969371
7.457443007464342,11.849334968507089,0,One,55.013512422061986
8.735402174141708,12.790173891647479,0,Two,57.37302738201141
7.610541178532903,14.708708072225997,1,Three,65.05726985959377
9.492169378987853,11.501115227277742,0,Two,56.500743412960155
9.294127906534225,13.565831993257339,0,Two,61.02295230491479
10.471446036516792,14.838666674920805,1,Two,74.51053599276105
10.925838027268934,16.905495695019997,1,One,84.96597977657522
10.479500253560797,15.049821738934355,1,Two,75.06024799182998
6.149812108049953,13.906170574655418,1,Three,58.560889984721356
13.019158942112718,15.230285348512385,1,Three,83.02115555767064
10.90104724276414,11.579518891280607,0,Three,60.72330440086321
17.135362074045197,15.93085541565488,0,Two,91.06571586949735
6.536828881290493,16.225202373587774,1,Two,65.83218148734238
12.659969911091121,12.699667280480837,0,Two,69.24209869068598
10.635459983726488,15.099024067734359,1,One,79.58059313708202
12.214026608002555,14.992906600091258,0,Two,73.56843084595785
12.172322575723868,13.802793064163055,1,Two,77.17701539163446
14.677221457382402,13.031890537253755,1,Two,82.97986016801941
12.139037193208617,11.920765537041076,1,Two,72.39607462626732
5.5866843797273225,12.305820963887717,0,Two,46.465843127516194
3.2144411223536222,14.179365248636302,0,Two,43.81275421238361
6.032002626401553,14.203310898567592,1,Three,58.93648025310158
11.111485683998264,14.157073576399311,1,One,78.70601442661764
11.615800032608774,10.544310895180947,1,Two,67.36204466780566
7.834022663294421,13.411247277076475,0,Two,56.139183984066165
8.012855803426591,15.063960022878511,1,One,71.41154272483769
5.196848811220688,11.151871441701733,0,Three,42.08204128639893
13.72965239029024,9.672207633305907,1,Three,71.39429202980382
9.678978138460566,15.411404097972815,1,Two,73.49216341642807
12.019191470485168,12.533894913029112,0,Three,66.54140769317064
8.512056414472719,10.703027652681183,1,One,62.109432406078966
10.398321708503195,9.918083615427259,0,Two,55.35804703267083
2.7932666861346718,12.413165301686908,0,Three,37.81043788610569
10.132158207538275,13.795776902408988,1,Three,70.55857714771913
9.89623757339828,13.919940367575242,1,Two,70.45417670203369
10.181959972171036,10.015205146308237,1,Two,61.62822676197779
14.54383415165228,13.881459766703331,0,Three,77.67120828090268
17.790317087515284,13.886987737318501,1,Two,94.69887096268192
6.011792070664159,10.665508981046312,1,Two,50.3938583225516
12.588323803731258,9.801817795843423,0,Two,61.81780151778904
8.667656584351912,15.018026857858827,1,Two,69.39778556389604
6.727032588590282,18.291977205430015,1,Two,71.55593316155438
4.239533799929951,10.47430407885529,1,Two,44.45711989616798
14.045207539776762,6.660111757127769,0,Two,58.4976814517123
11.413338101224838,16.716953075324035,0,Two,75.38666390272469
16.65772860991131,14.421524648545452,1,Three,92.22344248059922
10.588101552602591,14.598436396005772,1,Three,73.95888549282026
13.065763803464225,14.265786496397647,0,Two,74.38568288363889
21.363312139368855,14.998339001924183,0,Three,101.4626479707925
18.9904587684885,10.656017615925817,0,Two,83.67017390810256
5.243128823267783,14.249985530758385,0,Two,50.239961725284424
4.349906078828891,13.57187463251119,1,Two,52.497225822108895
17.271976543602467,15.857325075507559,0,Two,91.30392806135377
12.23311642840152,15.379883139005253,1,,81.28470965684784
5.91766754267597,13.999206378438268,1,One,62.308176111985446
15.800854225973914,14.661985003152594,1,Two,90.49458647981025
20.831884306992322,13.719640783552556,0,Three,96.64638156094765
13.836714342075354,14.640827880965794,0,Two,77.69374743266557
12.458444126540737,20.787404359174005,1,Two,95.42116964313006
12.935556992637647,15.062529316763364,1,Two,82.6604873315155
13.964755511927478,13.921627168588953,1,Three,82.6820525305556
6.777730176535365,16.879865614465587,0,Two,61.50641953975465
10.852755274566638,11.221702338781805,0,Two,59.99899353888593
8.76356512126387,13.768464657453762,0,Two,59.89166253559329
10.878922800131287,13.532466913118189,1,One,76.43668729387292
7.655017220673268,12.097692595038,1,Three,58.70383340767814
14.261730537081243,11.310974579014534,0,Two,70.72609769733343
5.9162343652477585,12.235024791198102,1,Two,54.00090720760342
6.012004818738345,14.296328847585576,1,Two,59.420051497908176
9.4970404143728,16.74375478505149,1,Two,76.24347326873483
15.670936011667289,13.39625843039315,0,Two,80.25236804519525
6.159526829230369,11.185648725991422,1,Two,52.14209164076649
12.025562654796824,13.753334888750922,1,Two,76.6018123086223
6.50630646973018,18.185334259521916,1,Two,70.61064322847344
-0.247093737031026,6.27262232592504,1,One,24.103841946722042
10.512899492667898,15.710615304003735,0,Two,70.1102809487942
9.587133477548734,16.86576886872515,1,Two,76.8244106214965
9.728948713227766,13.804208574508818,1,Two,69.65096729618739
8.25797211055714,13.827154620729575,1,Two,65.17500569685605
17.44977089869515,14.761117275282654,0,Three,88.81288499763103
13.370067775944172,15.850361476195944,1,Two,85.95789054305685
6.3610235488093,13.5028304147017,1,One,62.44053634049981
7.958446490911585,19.82826443992442,0,Two,72.4741135580114
14.297585996894423,14.34046431049544,0,Two,78.36733442228045
12.142857780599606,15.634301166475751,1,One,85.55642936616168
8.645786679478018,18.15966694610212,1,One,81.0573466804863
9.164030119330048,15.527519455892905,0,One,69.41585442384046
16.30065140525367,12.711771391369862,0,Three,80.17743767368745
10.679112681935509,17.295105546340608,1,Two,81.25673368511796
13.82415438074209,12.191052516230176,0,Three,71.25138814438648
14.176329250334046,11.035090628883713,1,One,80.39005464533264
15.214926054260783,13.110527375659597,0,Three,77.82286977896622
12.256773029665734,11.570165617666799,1,One,75.80479454664537
7.537813510279378,16.68420840306007,1,Two,70.05784566041429
13.014700485433654,13.951726725322446,1,Two,80.1431310388387
9.562440051875269,12.70574447385754,1,Three,66.09330203174767
12.59719993322759,10.18635888721818,1,One,73.4139791460073
6.175335694157146,18.461877544937504,1,One,74.1955771969147
2.5326079585751105,14.319079437313317,1,Two,48.75440200078495
10.192555854526729,12.64987011446586,0,Two,61.51466257161827
10.311286315309554,10.208148270457258,0,Two,55.81088277550802
13.83762800895427,12.570863010424437,1,Two,79.24651834595767
7.260210221472122,11.778670516010926,1,Three,56.69415642608487
14.680453833298179,14.845469843961059,1,Two,87.49803933292074
,18.61914510399353,0,Three,73.71929111932037
9.54688012970223,16.45008611840431,1,Two,75.66705542459667
6.501382257763007,11.369657686810577,1,Three,53.33900248763777
9.666260335362619,12.929476545583322,1,Three,66.96939340735938
11.466699683666283,15.422338761004015,1,Two,79.02843586483448
12.493469719022183,16.116833411058497,1,Two,83.91894160830786
12.243641580589067,12.819540804808607,0,Two,68.25711318998862
13.70958175873269,17.200799530096273,1,Three,90.04710999753021
2.108626715529124,15.519484106102968,1,Two,50.43183095027219
7.611357814892942,15.493738808622524,0,Two,60.629697551835854
1.3432170956929337,14.455263191889138,0,One,42.649598024296154
10.694642299010123,14.004438977547546,0,One,70.34653763819662
15.5962418225071,13.893859706681646,0,Two,81.25913191143552
13.121931323947141,15.362724066524,1,Three,83.66707952754477
16.84658078459126,16.769909274038728,1,Two,98.95703023652598
14.054466010970575,11.282869846998258,1,Three,76.39905077615866
4.866681740853385,9.859220902184475,0,One,42.08270212609233
10.47233951092071,14.250477014694816,1,Two,73.0511601126022
9.16987918674623,15.573133933473192,0,Three,65.31586859570261
7.60002508378553,15.570376632376291,1,Three,67.1668096930373
6.789113422924858,9.570196444828452,1,Two,50.066531123980674
13.627179077853162,17.13876081107923,1,Two,89.9529308918095
16.73978602197671,14.670421914885686,0,One,90.63092430238035
13.985615529615695,12.889083391424348,1,One,84.41102456382038
9.59363636159632,11.960994884998161,0,Three,57.64262958052155
8.773490285879983,14.161932852962789,1,Two,67.59583633745369
8.858682424043241,15.304679176527912,0,Three,63.68954805723589
14.610673221423127,16.333219829681177,1,Three,90.66729724881736
7.232150337230022,13.254048675490338,1,Two,60.58917170821654
8.358481651170896,15.526976871184859,1,Two,69.71017807863925
11.083658541270847,16.461308128966454,1,Two,80.43072903692128
11.14960124875192,14.470266462212992,1,Three,75.37061167024268
6.892956771978994,18.470282106627185,0,Three,65.5010103445383
12.834830341220627,16.79927579348241,1,,86.35333969784742
11.01888879310791,14.485740175712872,0,Three,68.31076942161805
14.49183521370588,12.070531998843151,1,Three,79.70483996310517
6.8293494816767755,14.629096474430519,1,Two,62.766000794459586
10.2922765162795,14.684718658601588,0,Three,66.56624464222006
4.702040115790417,12.949850295274091,1,Two,52.03613566746377
6.636602557467691,10.633401046247297,1,Three,51.925505018012345
15.392940320674958,15.587332357815885,0,Three,84.52831623402058
5.65372311661882,11.37837203554877,0,Three,44.052995484285866
1.7885959070296895,11.872160664478951,1,Two,40.379053020944866
16.966697558655902,16.53916880030138,0,Three,91.74413594796313
13.93669126974714,13.202926902442604,1,Two,81.12298671268098
6.029070619426704,14.098427968659648,0,Two,52.285197471174314
17.51602509706021,15.481873123343757,1,One,101.73561913337733
9.185686620609367,15.23877520893859,0,Two,64.84739994276268
8.569687425607096,15.21459119581076,1,Two,69.58450325898816
12.296581655110982,16.921651857805408,0,Three,78.30336201531384
7.5461134940125,12.404123079090413,0,Two,52.74843335994176
5.977051847570043,12.470282538031691,1,Three,54.45915881534003
15.592854615566631,12.703429309519372,0,Two,78.28950699049726
12.128277827329182,13.112697196074526,1,Three,75.01186509864985
10.462106479428183,9.998948679780515,1,Two,62.451123265477754
19.279176185194466,15.734202901322828,0,Two,97.18330996317208
12.356981813846184,11.42765381767524,1,Three,71.5279435059972
20.722346979389602,17.456144919636564,1,One,116.52397670994954
14.740767029731447,12.25181136057497,0,Three,74.2270815005517
15.056925667362723,13.19928160092539,1,Two,84.56606970719106
8.057443418784855,18.526105729953482,1,Three,75.92379083415224
13.137990200799724,13.986951569849369,0,Two,73.91512633970162
8.357389264425429,14.240187380141379,1,Three,66.19412244948064
4.879865485103637,14.979450377339008,1,One,61.5467601309388
5.665627500301461,13.861918105006621,1,Two,57.2727821394718
12.297563894687144,16.313111790194476,0,Two,77.10764422220502
11.542240981492952,17.52966447123354,0,One,81.72157034526705
14.486939826033518,15.00211634227269,1,Two,87.2910951796497
13.889448357893894,18.932553007874475,0,Two,88.52467814900011
6.9729696803540975,13.495144332339118,1,Three,60.07582037026702
18.995320689787853,15.800269870151643,0,One,100.39023098185407
9.781804262228494,11.119132532096565,1,Three,62.825280832797354
13.393543999182699,11.247297673531229,1,Two,74.58788176940148
4.612909548976189,14.06221475484752,0,One,51.748525732311265
,16.00749609764268,1,Three,87.6826259647463
14.921193980433939,13.854886444292417,1,Two,85.77750602307971
7.681567738672927,11.273099431821421,1,One,60.96726768461701
11.551601342218548,17.963962464131953,1,Two,85.60807118599759
11.436936763853435,17.243247865696404,1,Two,83.46315634035254
15.618264341582169,13.480301867228679,1,Two,86.99446980691113
8.776944991336105,9.22720857775817,0,Three,48.33021113690867
9.446635597198618,12.611965724719875,0,Three,58.80781953898651
10.872750523368643,13.709303681117538,0,Two,66.24432205528068
1.3230490030426374,15.467148124686407,0,Two,41.18537607527028
6.039760003577907,14.506432929865959,1,Three,59.71389014323558
12.989361918946445,20.815543082200143,1,Two,97.12720782090778
7.9495366620207175,16.00831413577683,0,,62.637004565985656
4.6439124084973615,12.801553819805362,1,Three,51.17439867443649
11.538894586954344,14.536130708278431,0,Two,70.35246656144132
8.399630585938674,16.48680535579586,1,One,76.14036510049972
7.6525629922358425,11.622484339813745,0,Two,51.133463622362186
5.627845989099901,14.986443091769303,0,Two,53.25621196121538
8.911102935867607,14.630027209968583,1,Three,68.86953017092495
1.831492745567294,14.432704895073913,1,Three,46.56230619660728
12.701567279607115,15.910216481639237,0,Two,77.35110973707246
14.066449112203488,15.652107602704099,1,Two,87.61105608384113
12.762063438116861,12.396324254471839,1,Two,75.49815892932747
14.046850418487255,16.573043272970768,0,Three,82.83046184593893
8.588284683076147,14.690275482076416,1,One,72.25589016022157
9.55261806267608,13.721204069106332,0,Three,61.89177655230187
1.1188370938916385,17.43840361246516,0,Three,45.14227092163482
5.4475117010112815,14.972782174613117,1,Three,59.04805860394387
10.217528606145846,13.428476418244115,1,Two,70.22258856367192
9.097099264649522,14.312717034483308,0,Two,62.27239973207739
8.815678093032979,17.0451322636467,0,Three,67.88346486527287
6.543805800640278,10.563743198299576,1,Two,51.78035552127626
7.4844248193167076,11.722826682410755,1,Three,57.246284875530854
6.2659434812458485,17.502930552440716,1,Three,67.85963462273207
11.317682604241533,15.468041303789908,0,Two,71.98732879691423
6.762915238474882,15.96261520185948,0,Two,59.18065284647951
12.467276492341941,15.215597025928895,0,One,78.8198468417372
9.729350155242496,14.01556848342554,0,Two,63.48210553207706
9.583061606747927,12.417953962339768,0,Two,59.05992858066197
10.756549446192237,12.064989162677774,1,Two,68.49427599901401
7.584733462881934,13.192163926133023,1,Three,61.20789564687046
7.557614278760445,14.623355389665226,1,Two,64.99596997284944
13.880646148038718,15.37481305529899,1,Two,86.34917839463223
9.15793050688207,13.178212350640063,0,Two,59.639692955624106
11.39756826563499,17.046863035766215,1,Three,82.53968959723109
7.040578380909676,13.05270975454443,0,Three,52.48885577102771
13.946584444227438,11.674975655436949,0,Three,70.34580159613323
1.7631002793294943,13.859676549506265,1,One,49.15850459190634
13.50525283619664,12.743511211582373,1,Three,78.33746127003607
6.871182061464289,13.444034245136812,1,Three,59.63509880300102
13.335637243483127,13.561881433317058,1,Two,80.16305609098319
9.381913916829712,13.117126291143475,0,Three,59.864105935494756
7.648794787537802,11.912812265966654,1,Three,58.22508034898221
5.043011309751706,13.707447384694012,1,One,58.88755371028582
7.859862289667873,13.17385289760297,0,Two,55.62869414745215
15.174928416287926,15.00518840102459,1,One,93.33628360428482
5.4414927641393716,15.896085633782686,1,Two,61.638641649270276
9.532409664394729,13.399334301170294,1,Two,68.03886571598706
10.924648775404846,14.672634459994605,0,Two,68.79891284144162
15.372960663441134,14.37149245870599,0,Two,81.75836815596656
6.773191058419404,11.060042547921764,0,Two,47.02544249484241
12.812383473949698,9.35426900020543,0,Two,61.39574743034515
12.065611763596927,13.599038666711719,1,Two,76.34167723830258
11.839878892767736,13.961303390802717,1,,76.54657493086191
8.70105941707038,16.083362539393736,0,One,69.37087313096255
8.8400028713973,14.411542051196506,1,Two,68.42128499051483
13.747471439191875,16.070625019905737,1,Two,87.66844172942655
17.495980566506105,11.903508708554668,0,,81.85180673837104
6.8619564950823335,9.171102172193214,0,Three,42.28946093577881
6.240047517899409,9.681187007454845,1,Three,48.336444712450906
4.18898112194967,16.457512401879868,1,Two,59.17446969636671
4.0660434652691695,12.043905719894555,1,Two,47.82422284871012
8.85509283665352,12.903315949952624,1,Two,64.71861927444269
9.876696988504282,12.518184788265952,1,Three,66.59548646372403
8.710326583762292,14.205373346181307,1,Two,67.50917429248807
6.843065459288509,15.033691854968279,1,Two,63.814016592696376
14.81516046526674,13.040251978930295,0,Three,76.41624989619507
10.102329275690604,12.269099823765526,1,Two,66.98559431971923
4.9896726821052235,13.282114176807793,1,Two,53.74845766510101
8.39917607306007,11.516299785748487,1,Two,59.86579170221211
16.306115601904633,15.197368450321399,1,One,97.29990411894543
9.161405997491752,12.387237359334277,1,Three,64.0657156941927
8.920114423718704,16.472186364403033,1,Three,73.4765625469737
9.912636423968273,13.75659321480941,0,One,67.32058913842256
18.16075454922437,16.518932830019892,1,Two,102.38294315841947
2.3860867795577487,12.236984256609857,1,Three,42.813208224588934
10.129583630000958,14.478322875093717,0,One,69.78322414137347
8.232048761906874,14.338788976765732,1,One,70.28437437484284
9.45608815370685,15.962693369913325,1,Three,73.86172957150963
3.272480138817418,12.47512325680872,1,Two,46.4506826626641
17.339936110639712,16.19047334611768,0,Two,92.34149824562286
9.280586810869634,12.111086151363244,0,Two,57.36499823885978
7.701117313215468,12.369900012582072,0,Two,53.1410251814376
12.359146366265122,15.749892175007867,1,Three,82.27888817104788
8.279473753968086,12.943231844518143,1,One,66.9614270857239
11.806094714881432,13.908109513630919,0,Three,69.30076287497467
5.779925749325748,15.37261762377231,1,One,65.29775018707993
12.808259324702412,13.550111675274492,0,Three,71.49914484657715
7.47410311981326,15.145117853195494,0,Two,59.34012343821509
13.504576194422066,12.413374289963798,1,Two,77.82868945570223
13.111570293820481,13.113737522326005,1,Two,78.35856358119769
9.143873511380177,11.916877677869714,1,Two,63.1564329601516
11.16176234880303,12.043012084703129,1,One,73.60578778030477
9.803646922794924,16.464390702198006,1,Three,76.1799015687923
4.885788875578759,13.090306927536018,1,Two,52.951529659264
9.875008659825479,14.469320119847836,1,Two,71.75441218845495
3.4910117835984504,12.314705870631965,1,Three,46.41137627820964
6.0500976212342765,14.012387100605771,1,Three,58.51764150546681
4.102791241476323,12.106321046468523,1,Three,47.77864674473645
15.288337046332078,16.53576161640506,1,Two,93.57305712496552
2.566713267466236,15.50289935055146,1,One,55.719683897965105
13.80846862460589,10.065154154252063,1,One,76.84536516600718
13.175119190036394,13.46853735553155,0,Two,72.74086347789226
12.12538330955599,12.67249651867558,1,Three,73.90868890935992
12.290044430814929,12.521793723820457,0,Three,67.3459941923049
7.394244386285838,13.804284558330584,1,Two,62.45646836032459
10.485044707762556,11.25858987016678,1,One,69.57046986780611
3.0656620562913073,12.615286572662965,1,One,50.07919387927969
10.479886337519725,10.709866970532662,1,Two,64.27312375977802
8.449849455955608,13.992309180400394,0,Three,59.16737155989805
8.306382712220206,15.306825321299225,1,Two,69.00237309929956
13.756859421029151,15.863702873430356,1,Two,87.18300232032959
15.879719695834513,13.612163070144708,1,Two,88.12795990976326
15.732174691686229,10.197344942634935,0,Two,72.4891835416244
13.708085944036338,13.827121442765037,1,Three,81.65616914952022
3.7877075157819062,13.050867180965744,1,Three,49.15564086675294
8.143515854596643,12.401086882818914,0,Two,54.58185717059476
12.89610659807304,14.769654604274862,0,Two,75.11538432661804
2.4327978222025273,14.961329406164632,1,Two,50.04333742103861
12.103072835761125,14.490923097659469,1,Two,78.67417579379561
10.844194293515551,13.881734158725651,1,Three,72.9664803787215
11.467938265963546,16.03812897950271,0,Two,73.86749179107187
13.956459717635607,14.328239242223564,1,Three,83.66724937986483
9.222234498766925,11.516481296049431,0,Two,55.707101972817284
14.292440911876518,13.369019837530896,1,Two,82.63215030522943
13.500577257609454,14.694012941381521,0,Two,76.79010641833416
13.729014327360819,13.150752995006933,1,Two,80.35330929277144
7.491938056208571,13.494788883544773,0,One,59.21010327527145
8.487200453772433,9.070577863502434,1,Two,54.05744377700438
9.84732913472058,14.308877076981009,1,Two,71.27028288904117
10.754075738774603,12.680399207896834,0,Two,63.320946993644064
16.883728859429436,14.491032182913571,0,Three,86.3971736738658
10.9603106985552,13.671441706851954,0,Three,66.10606023814424
5.2868545065689325,11.664942957564246,1,Two,50.64427668915133
13.930228973216362,15.756121048117572,1,Three,87.13586251328906
5.033076690631339,15.997108515885861,1,Two,60.63117961022438
16.318187007161924,19.08451560483135,0,Three,96.07292335577716
14.178895997643652,14.057563258642604,0,Two,77.29833713660933
11.474978561545694,16.5503498138032,0,Three,74.84850048659739
12.114197199310688,12.062355173418137,0,Three,65.66202051009451
14.409388038497848,13.67601617862968,1,Two,83.75567307983471
10.175642121407833,18.458861740157687,0,One,79.8200326687889
8.08230904002501,10.81595613829393,0,Three,50.138930869489926
9.416349100278401,13.04310408812177,1,Two,66.79568881987962
7.902543098544246,18.08050946681849,1,Two,74.65274889374143
22.374192934111,13.799331381985102,0,Two,101.91126915300545
9.762269010951387,13.707372234921054,1,Two,69.51293103669815
,12.053405161524742,1,Two,92.10019698244321
9.560384162188845,8.82497121475549,0,Two,50.058563575662625
10.958454364491844,15.289194956477896,1,Three,76.81727099951961
0.387677878624185,13.031639376042614,1,One,42.86162063704026
6.608464475449479,14.50851705176474,1,Two,61.78557776105525
1.262009456702378,13.212039856620086,1,Three,41.77302667229132
13.015290016833113,13.31633872277117,1,Two,78.56549228836542
5.734785034326947,14.955076312881141,0,Two,53.507786274584
4.740915397064328,12.175351424167392,0,Two,43.53517580311351
8.746185500821186,8.110181344716548,0,Two,45.772673398606784
9.447274161953242,10.420414170133402,0,Two,53.675972858444325
10.150346556146962,14.145672297668122,1,Two,71.79837305936422
10.813667029828267,15.58933333136797,1,One,81.34857769375463
11.812138342231336,11.735610686409412,1,One,74.84586172974952
6.027494841895896,18.43530252257453,1,Three,69.44252680308819
8.568949836223524,17.723183434041268,1,Two,75.81812033439785
8.954954216705383,10.707423735925845,1,One,63.48520605660181
3.9450559927813833,12.37061262369626,0,Two,41.568016738658486
11.586652807967328,14.9718844652196,1,Two,78.27834170918587
14.201117312878372,11.160995989333914,1,Three,76.54801981905449
11.188122545716052,14.64368771851356,1,Two,76.23438451577339
9.219104226458121,14.466805065095091,1,Three,69.41293559934334
15.574419110713187,12.656684183001802,1,Two,84.81199599104205
12.683545008153079,11.311965576137156,1,Two,72.56068201444914
7.145711638566501,16.713894855641954,1,Two,68.92332891432227
10.303402319345702,12.25067208168527,0,Two,60.86391854999237
9.144482464674974,8.055341730913845,1,Three,53.245283191520365
9.83095861995145,14.725455071845783,1,Two,72.25536987395972
16.61922750740175,12.78003845968566,0,One,85.56026902880798
8.66080995970068,15.463574121485742,1,Two,70.48423379709382
13.753584964552232,14.523329831737453,0,Two,77.14549557648007
5.25869906591045,15.289947938614912,1,One,63.486022642481025
1.8719803398045887,10.799595434066127,1,One,41.887244303631235
11.85849970432785,13.328572440646774,0,Two,68.33560682248509
12.704059820016772,10.35808197766297,1,Three,69.93875335458335
10.343641778325567,16.5939064251733,0,Two,71.78438795965975
12.401800185538605,12.707321883268289,0,Two,68.4655438095904
9.008819641301779,12.022397654470938,1,Two,63.00255019327536
12.382827370665181,12.901651181968894,1,Three,75.27167100722882
1.6392321491054727,12.315401376639555,1,Two,41.020582958208216
18.125937618196915,9.232339306203324,1,Three,83.84857294465692
11.993993719945587,13.317561314294435,0,Two,68.72577723908657
9.899538142596754,19.673082931255614,0,Three,77.75610995569077
7.98987386041763,17.55575440411955,1,One,77.5348546766205
10.355014468567491,15.538852361452378,1,Two,75.89226769490254
8.843158486687464,9.5448216260618,1,Three,56.01928290041058
12.109458473142157,16.45433434818745,1,One,87.49195392824178
5.227132860038053,16.7382909029237,1,Three,62.7576569656971
3.3929261499276366,13.447530750054565,1,Three,48.92510323841295
7.322712808857059,13.514152817705995,0,Three,54.50534978716384
14.228027858634244,16.009633008873294,1,Two,88.99772264543104
7.831165908083161,12.94499423325434,1,Two,61.666862836973976
6.210969827101457,14.680735756654013,0,Two,54.29325097830402
11.771926632656946,15.672700774484069,0,Two,73.8958845244327
15.62241222369961,15.529659157026074,1,Three,91.78759824428037
11.857603565445743,13.878522280761326,0,Two,69.6999174672459
10.422562561978847,14.192968450058302,0,Three,65.74533879791059
14.042359891565027,15.59609572479722,1,Two,87.39758706322053
7.782975083902386,14.67736502600339,0,Three,58.815233923939026
,11.699333360579482,1,Two,42.397473226726284
11.441029513949536,11.31484908329045,1,One,72.65630828567217
6.351030191738405,16.487333962867975,1,Two,65.91122922742076
0.5364149989725036,13.391628546128635,1,Two,40.29741088391974
11.643513896418975,14.058505144124176,0,Two,69.48757662874321
13.372233891332373,16.100680772840658,1,One,90.50424021867885
3.8389651588891196,13.035610807795289,1,Three,49.27567331830851
6.180293695371546,15.166082682704367,1,Three,61.786728187359465
11.845180479825816,12.795703623199119,1,Two,73.66544992223778
7.171317195924528,13.447086753521559,1,Three,60.56759129118094
12.715220423390246,14.370083946651192,1,Two,80.26020283129509
8.656350866551296,18.11018584059122,1,Three,76.73550129902368
9.280346026304931,12.883733569017306,1,Two,65.98041284396881
10.701724185819996,17.61174888001304,1,Two,82.1135298757468
10.696216525324989,12.24178516631748,0,One,65.96976186376547
11.667565316315244,12.481785817969174,0,Two,65.64226545538104
10.00087961706507,11.928555239517552,1,Three,65.51246247299038
15.577258946014744,14.292426923496748,1,Three,88.57292528149685
8.739791765012253,14.429403101309694,1,Two,68.15687096493474
11.990825707130599,18.398326478638364,1,Two,88.04134434956944
8.392809522031536,14.627188504248235,1,One,71.49668623149556
13.396135303408496,13.19892552853639,1,One,83.36467587208072
13.59150044560635,12.096359326027176,1,Three,76.99454595490586
10.264767879223848,15.887605372179715,0,Two,69.78559600850095
14.592888106674149,12.836304643901883,1,Two,82.23378637322911
6.968534105937845,14.192687677125038,1,One,66.02751309272492
6.10007734751692,6.732318602478559,1,One,44.806174304776974
13.083535360787828,16.34806127942049,0,Two,79.61659296730484
11.81003682759208,11.339559345851864,0,Three,62.92797677175449
9.030006830434964,10.03783108971523,0,Three,51.12510893273393
8.443336445356682,15.772854966145971,1,Three,70.26890390944995
10.301530949001714,12.941000888602519,1,Two,69.26967966290808
18.200259346593697,14.469849660957124,1,Two,97.41104556433328
18.76056445901874,12.742579989987778,1,Two,94.84402829635732
6.328643771148457,13.861564932863404,0,One,56.537000737938705
11.95768855315749,13.701676053073037,0,Two,69.56873549357412
7.977324492029213,14.427537562387108,0,Three,58.79312205872516
12.383791504432416,10.95703485112378,1,One,74.6720899540917
9.376753669827307,10.428989564998492,1,Two,60.17547180348697
5.985561243894629,18.15636969565992,0,Two,62.23840024937431
7.16538885201931,15.515763533237086,0,Two,59.31013690542646
18.416699593638654,16.908572394637694,0,Two,97.44474125537438
4.009215854006676,14.982051045144777,1,Three,54.638808007745176
11.349607785189416,14.664096141013928,1,Three,76.46878145355095
8.853084193790039,13.165087828279916,0,Two,58.667645233646944
7.551494475431559,14.484559688433885,0,Two,57.936590955556746
13.361645250094387,11.716584571379798,1,Three,75.34216913699544
12.083578287997625,10.968060088030278,0,One,67.07885151091882
9.948728591840995,14.575012679485019,0,Three,65.23484959437883
6.903217767325476,17.83156077659332,0,Two,64.25886125475486
8.907756786396952,10.50746016818215,1,Two,58.925261569001805
11.756261427007582,13.787751044199263,1,Three,75.54350664947376
12.694240400318094,15.301159442764487,0,One,79.73195707040323
3.351894247142524,11.751150706383726,1,Three,44.58177543018566
9.546426400945329,14.923183300866754,1,Two,71.8700630262409
4.5671736278946655,16.444371373967922,1,Three,59.993279946133796
2.3362919942128464,15.385017717380862,0,Two,44.10365220588224
12.160178167422782,13.463899462601116,0,Two,69.60166491874061
8.313973735174,12.629173269023774,1,Three,62.05565289952672
13.908530076548239,12.904713652408624,0,Two,73.59940221157385
9.862117990068699,17.907775279693304,1,Two,80.26204291733855
5.8300597793261035,11.296342061407227,0,Two,44.70646000484047
16.426838069433593,15.2383112361377,1,Three,93.54230230857615
14.383953549268789,12.29480210148243,0,Three,73.23438237940537
1.5848975223349715,13.750049843101506,1,Two,44.41941105957214
8.883182133786738,11.123420911280025,0,,53.685194626591375
8.829343381478806,7.971084915521273,1,Two,52.378667289217795
10.85884592035071,14.938511372441992,1,Three,75.63858127998711
11.741621751144962,14.713169080955433,0,Three,71.10330842139935
8.626958243413553,15.714485894624811,1,Two,71.00363506807655
12.208999981398332,11.784826311808532,1,Two,72.27375440999346
3.3720256537494704,15.311647810739284,1,Two,53.808513120399056
8.234529763798104,16.528692351011124,0,Three,64.80880968872901
12.139237595931267,15.392678880746503,1,One,84.94464559895349
8.052106070388156,16.075337503950404,0,Three,63.11969275022625
9.081369719317776,15.488050360101457,1,Three,71.52711359132158
6.633689740123899,14.08267518422107,0,Two,54.10924959004869
12.410035585592635,14.326695588750333,0,Two,72.51638170917842
7.758580650318631,12.793421225563275,0,Two,54.37090009415648
14.058473786637842,12.205161645295162,1,Two,79.01801760996489
6.240413478950117,14.339760881540174,1,Two,60.23188567982469
14.53191873299345,18.38344554471557,0,Three,88.82558212023861
14.146438451477987,12.455952130288342,1,One,83.82993769534369
6.611927031568015,12.248703095128937,1,One,60.09620185810908
10.120028550346927,15.500290606087875,0,Two,68.37677148563908
7.560156016886367,15.62842523288406,0,Three,60.49274606921516
8.113111384156188,11.05341112989326,1,Two,57.83359261546934
2.032331049858845,12.453073082133718,1,Two,42.574193184377265
6.6041334664670694,12.540086215418864,1,Three,56.565109300377344
-0.8888376420200252,17.314759444491195,1,Two,45.65748190297781
16.811957892447854,14.796767045439301,0,Three,86.93600188251918
10.920871248317912,13.116009207615539,0,One,68.83522100388281
9.718368744049386,13.231423753145648,1,One,72.1119557532322
17.75977130873011,10.19988907572493,1,Three,85.12533232337455
6.585725738637182,14.069930798160781,1,Two,60.62526224612449
2.6744774181392366,12.26938367032838,1,Three,43.78245946291054
12.757314721902155,17.40618198661441,1,Three,87.62312050210936
16.49430518043036,14.479991164298356,0,Two,85.48364110375773
10.62852113837778,13.37141214198608,0,One,68.56919083858931
11.412997877307605,16.348883889658754,1,Three,80.85219258861775
11.446010362409108,11.50928520678294,1,Two,69.23756148847396
10.23030347724611,18.133527753939347,1,Two,81.95783157610356
10.329476367349564,18.31986701985271,1,Three,82.41267806939702
12.01805228230881,13.673328420827822,1,Two,76.37978706074551
7.096615736914637,10.965520968966526,0,Three,47.47318193600435
3.409061008693297,17.59044478015685,1,Two,59.587304358220116
16.993070523263583,13.011258601377381,1,Two,90.06515597945109
8.567050623828269,14.72430266895082,1,Three,68.04364040598959
9.481863051664869,15.390372909127976,0,Three,65.82297684091014
5.614703276153258,17.262228598552106,0,Three,58.558915336376145
18.608250319763936,13.604869315297018,1,Two,96.51814255758312
6.698363411787309,11.950206904260067,1,One,59.62056096319172
7.460613038357758,13.768149958274963,0,One,59.79309564377074
6.084224455889801,13.453487644476688,1,One,61.464887913774724
12.48349463426162,18.506110112539076,0,Two,83.13199613973502
11.909259188696815,13.328550205695212,1,Three,74.87350147396597
8.638307063006186,9.833857128648141,0,Two,49.724967178858016
14.28440967342787,9.197073508521974,0,Two,65.54122454009985
9.808814115482397,9.445247192335218,0,Two,52.366021824627715
9.202767379130254,12.111272954080915,1,Two,63.821152107171024
8.592123036698638,10.324512429715782,1,One,61.41524997949227
7.3090454837368934,13.18267343896016,1,One,64.56613607592479
11.063403253770744,15.41741439134452,1,Two,77.77338565029947
11.44998027943884,10.774500509213478,0,Two,60.72775830303187
9.994717367551132,16.09108273196682,1,Two,76.15470761331464
6.599897619038596,14.171717069906324,1,Two,60.921956285961265
12.891546361182733,15.281556617312177,1,One,86.98675146236104
11.733014388489465,12.302055659033627,1,One,76.01010723783978
8.56752886891643,13.447715162165133,0,Two,58.49022881504541
9.465586373000612,16.49420446012091,1,One,79.44363598748576
13.505040213313007,16.098567585749905,0,Two,80.29531913511013
13.909787406364263,15.516548623347889,1,Two,86.79130893501163
3.730461573185459,12.410270679089047,1,One,51.618226919458536
13.868420353382135,12.648570681657958,0,Two,72.83907559750513
9.377304831910035,9.798878220261248,1,Two,58.61083159527108
5.4738327796626445,11.591420897047158,0,Three,44.02824010270485
6.921481172952072,10.325205513838373,1,Three,52.03727832212131
4.7858891963511665,16.943791073546244,1,Three,61.90874349369161
9.079248827851051,12.510658206259148,0,One,61.65523857514836
8.576548460420213,12.17147653260417,0,Two,55.34553383840746
14.970862503341378,13.675712354146603,1,One,89.4026003508175
10.427880454748754,10.184392127965493,1,Two,62.80662907429249
8.28480846947822,14.394461249040809,1,Two,66.66792327655456
9.504770852143649,13.445829282359766,0,Two,61.37377104290318
8.084607871001296,15.756033115697385,0,Two,62.74009216603869
11.94584603376608,11.359798710761154,0,Two,63.71077319505486
12.580974142246212,17.091216798725377,1,Three,86.29676020157628
9.32200256955056,19.36631178005078,0,Three,75.21378518306167
11.867200233447326,17.843188910750186,1,Two,86.2804088265962
18.01332865364496,12.52558542558714,0,Three,84.99244666163314
7.331729610582363,11.97692721627834,1,Two,57.72135334040296
9.592464191115965,10.338540300273884,1,Two,60.615371246535325
11.028158818264732,12.203576353402285,1,Three,69.36180469804552
8.894907482375451,13.894578478600701,1,Two,67.30540598743384
18.40504976359144,13.928404284094189,1,Two,96.69620152715966
3.6921314074742098,16.974413572047254,0,Three,51.91881181404423
9.230645527677412,11.131901442058753,1,Two,61.47252817284944
8.554822233952741,12.139945964605198,0,Two,55.20020263158562
7.708146885027038,12.044002135626952,0,Three,52.03859482544725
16.368501464738934,18.293567706338997,1,Three,100.9573255096163
14.2471486937543,15.149293936373816,1,Three,86.60403242522356
1.0449594730650933,14.810336698678096,1,Two,45.39119777025274
8.178513538385712,12.580954097128743,1,Two,61.83232312547218
16.09596653527159,14.741074950563522,1,Three,91.28664347033883
13.791145077398292,10.637621333967232,0,Two,67.6020989114636
12.48199997504203,15.994687669046634,1,Three,83.26599287455373
5.875214061429909,16.116138879508945,0,One,60.74414771155147
6.729496953848325,14.97599503391121,1,Two,63.320617342091055
1.0147120494582218,13.042564167037527,1,Two,40.90363536184042
6.378577374865289,10.505258360818797,1,Two,51.12580080586611
11.651737633318161,15.025005521246213,1,Two,78.61095784958931
12.423987725260208,14.646551152865797,1,Three,79.7360060996955
12.072438222849149,14.771887018525106,0,Three,72.26872316793242
8.040903796250895,14.61711999319927,1,One,70.38721562550347
5.9814308824580955,9.74935715855974,0,One,45.2448424720749
4.633008447425015,13.25504016779669,1,Three,52.26807878579061
5.79128296454633,11.572325287116112,1,Two,51.96850686204653
9.253924064549624,16.263717804714876,1,Two,74.30099742187079
18.0730215961674,12.76790185756873,0,Two,86.09272311293535
11.028984464033888,11.411349766301273,1,Three,67.39502224330148
8.553573119651833,21.30448515292831,0,Two,77.9776797912486
13.20110475175051,15.981167435302865,1,Two,85.76236862485118
10.649105237825044,11.863233379326704,0,Two,60.9661460007536
4.896613538688659,9.826525285197064,1,Three,44.55776604547416
13.481244604509246,15.394490986202216,1,One,89.08471514298692
12.716660884583575,16.43327603168713,0,Two,78.69785058739821
2.5489796700513363,15.03156464359639,1,Three,50.261986326948815
11.251842813243808,14.571844851990411,1,Two,76.25215871190841
6.92154214664737,14.204082259813019,1,One,65.91102620023887
3.9061034610591294,14.706876240658916,1,Three,53.637021096377055
8.050921861653759,13.114713631665605,1,Three,62.4519874754957
13.903660525493622,16.6222148660666,0,One,86.74283488547626
6.871942944589174,11.857826317049714,0,Two,49.312899870252636
16.338733913243086,14.210603831405237,1,Three,90.71611020773487
6.651689078799309,12.771203544819613,1,Two,57.60014415797534
7.731051590385409,14.516755784212826,0,One,62.4873801308075
9.226196831533105,16.1782555322186,1,Three,73.68913740009988
16.05458770438228,13.35204619367051,1,Two,88.02023608668124
12.814221846424378,14.500836783287163,1,One,84.80774299646612
7.460480194064917,16.287487619728196,1,Three,68.51938788454756
5.222600695999865,15.76770163159542,0,Two,53.94945941466273
3.6989518706714337,7.934449790670284,1,Two,36.47764639763747
13.772459466024237,13.139794069097507,0,Three,73.450477353119
6.815977499114969,14.915603231567214,1,Two,63.43699542288279
15.211264082334097,13.427116616359683,1,Three,85.29406642428452
4.231096083763654,14.148947128835742,1,Two,53.56559178669766
13.128332998234088,9.431592955928078,0,Three,62.2476270202361
10.888798347726125,13.105284657234503,1,One,75.40522503790176
11.66736650369805,15.719893320015075,1,Three,80.07250916027652
6.934535689834546,14.140403841108878,1,Three,61.56137532888209
6.104079569421027,13.718432466761975,1,One,62.18467712950124
9.434989839946901,13.729079277713328,1,Two,68.558338356341
12.447632487468006,12.176814607256205,1,Two,73.98354019774376
13.065445783727197,14.309098336555799,1,Two,81.18786795225553
8.551833035918783,15.662857354064831,1,Three,70.32981648512015
11.41410449618101,19.860397770505497,0,One,87.1204675659004
9.949516704065385,13.753093121524769,1,Two,70.20361213098019
7.39687957425541,18.76402763406231,1,Two,74.79358057371726
10.617966667107993,19.339597459039524,0,Two,79.45502814590202
7.960119754550442,7.687829047952249,0,Two,42.300423359069676
1.7155688034457484,12.807036351680612,1,One,46.395364107083225
15.85104974794295,15.136518269269144,0,Two,85.1333711276364
10.742750550173762,12.223478538272966,1,Two,68.84572782667435
0.6359019278462448,15.263976378537413,0,Three,38.24882639824677
11.312083131241655,10.767752866137307,0,Two,60.28603735647331
16.703689860390668,11.80482444591383,1,Two,86.1744235687758
5.629831062324967,11.928367401996036,0,Two,45.660526309708594
14.185645342837635,14.11602228079292,1,Two,84.15995424257896
7.868295519057426,12.274738741837396,1,Three,59.80118109615775
10.653801388800215,16.488813048652165,0,Two,72.47894174631176
9.501104641821692,12.465096182446263,1,One,69.53748214932486
6.240003098905568,13.381278263480086,1,Two,57.8480129275131
11.735855283581719,13.011090706015631,0,One,71.08589005860001
4.306035212482677,15.069863707015132,1,Three,55.77178036390085
12.195837845389478,14.724729094022644,0,Three,72.53176901243255
13.960509902702789,11.35458509856837,0,Two,69.90625564346938
11.725101791431744,12.13380040657569,1,Two,71.65004487968925
11.408799049453815,13.115459152826991,1,Three,72.80156560021703
9.122567821430614,14.815148563295551,1,One,74.21276255975623
7.629608127751267,18.497398995886183,1,Two,74.8479743474451
7.602608292021342,13.88301785490549,1,One,67.21171207637309
8.02400932003138,12.234879125796123,1,Three,60.18194941109873
10.892841705581233,16.240143659741555,1,,78.9789574745461
4.616761905303776,14.20582256600663,1,Three,54.581479814457374
8.391858225432037,15.917846602131604,1,Two,70.78466110981543
4.523181929794883,16.177599326513242,0,Two,52.81304051376505
0.22207087084703225,14.706791806969449,1,Three,42.28399702718735
14.056912035335134,14.550650605193034,0,Two,78.1481507794205
5.161513234042148,17.035574578455684,0,Two,56.9129051185299
8.402627788712637,15.168216393446551,1,Two,68.95440871119463
10.286848856896219,13.297878690911734,1,Three,69.79759440534319
10.882461467585461,15.829782400210592,1,Three,77.9268882871478
8.813145730883642,17.35400268559808,0,One,72.8748545513223
6.867225255481808,17.85045727814868,0,Three,63.88094707634431
7.491961430903156,9.687310389345264,1,Three,52.20959796852347
6.5296482860252105,16.21536429241347,0,Three,58.776126130615864
12.202139389415638,8.861552208160006,1,Two,64.98590119161602
11.133893855000526,13.630889438257547,1,Three,73.23567340770602
10.757769727821286,15.38104465941401,1,Two,76.74112879843922
9.88044783318659,13.950835714438702,1,Three,70.16834680968974
6.420193115609461,12.888344677130146,1,Two,57.17795085069223
8.211258875872463,13.639456794397608,1,Three,64.2504994782681
14.319826201005045,16.389360522162185,1,Two,90.22454230835265
4.4848606544883145,12.966186127079832,1,Three,51.09350555427838
13.6612589509555,17.173141188571922,0,Two,83.44791555015031
13.898720104706909,13.85734605566207,1,One,86.55016475453859
12.348462374563123,13.859513813851157,1,Three,77.5468378531497
9.30099431768367,13.005310741193961,1,Three,66.03228939122742
10.444198486754143,12.81349913394922,1,Two,69.3923823338214
10.74849783534992,17.434031191446554,1,Two,81.81589595622498
10.384796336076732,16.78294309940445,0,Two,72.38112069056949
15.406189736240464,9.999916773760393,0,Three,70.67987824925827
5.6512436434306395,10.508441799476318,1,Three,48.578371151883374
8.626354877130769,18.178459660028697,1,Two,77.12675260961718
15.106380331003361,15.3849404006185,1,Two,90.15160859110124
11.69202516736811,11.173406622578579,1,Two,69.16075614859079
8.235271952156907,13.641586139655786,1,Two,64.64376381872543
6.795687017093393,13.330834804239961,1,Three,59.121058648251314
12.68533799605538,16.915338102172132,0,Two,79.79964107063277
11.522691395643434,14.290357940579113,1,Three,76.07311746894162
0.615231083163053,13.576459184245582,1,Two,40.99974697305187
6.514863677551503,12.64205290031953,1,Two,56.857455019494616
5.524169956330802,14.187132275972829,0,Two,50.94978425108559
10.504816721916212,15.992476003428,1,Two,77.48152569773193
12.582070713780876,17.141779448999102,1,Two,86.73980054007316
3.915729279320848,14.541620962992972,1,Three,53.255890635528466
6.236280667781181,15.820316278014884,1,Two,63.899533072445024
14.325276599177862,13.330469679513808,1,Three,82.32353733458677
5.5586213867488645,12.029391145401753,1,Two,52.387710712815085
8.881882195210453,5.110246679776161,0,Two,38.733564773667766
10.598656551757204,15.258736875288385,1,Two,75.94676712016454
7.500764853961206,10.765753254843041,1,Two,55.23150548009144
7.90339393327764,17.07694105766329,1,Three,71.84671606606166
13.932829799267914,15.53996633524732,0,One,84.14245673377513
11.360929765334703,16.991380334901553,0,Two,75.90733568543483
15.070835855561384,13.032252696635469,0,Two,77.49823320168022
11.982981271549399,15.633625177054755,1,Two,81.14464155255746
11.630367625054918,13.877789359276239,1,One,79.61076679969952
8.70334881917872,14.114314342370934,1,Two,67.26131581115412
13.881464664258612,16.36492109096629,1,One,92.73035139885258
6.98436585290325,11.508193786850192,1,Two,55.485724378720136
0.9354413280910858,15.104110360586828,1,One,49.70139762340039
8.596816396931096,14.354918996917563,0,Two,60.83562072258594
5.458184358674205,12.757251659075093,0,Three,46.87805423768783
2.5131140704277515,14.867573603169246,1,Three,49.74381094269452
14.948136724118715,14.258507101767682,0,Two,80.16835883024402
11.8523528505803,12.444313672383613,1,Three,72.50009110237501
6.664437953009665,16.61567055375172,1,Two,67.19605574402276
4.562691915142549,13.593322792038082,0,Two,46.510768526488626
13.485193564503994,15.107017533067703,0,One,81.68677927776491
7.231983277617393,15.169896593053556,1,Two,65.35109567652356
7.253579156617116,13.249174821361674,1,Three,60.329120004386525
19.833765336188822,13.873860368872622,0,Two,94.2678840461153
14.630715496154536,14.702439418798628,0,Two,80.29371753563416
9.630699659763515,12.706384061470086,1,Two,66.61921441901693
13.346226579121335,14.32377254976668,1,Two,82.08960696683803
3.012854989165062,17.178977826157393,0,Three,50.334043673000565
4.173886766542765,20.341834071439465,1,Two,68.7836500504149
1.3916553601440107,14.658571230602599,1,One,49.99975233033187
9.185394164774438,15.136759496985537,1,Two,71.28840673792646
9.443829458595973,11.071940117157915,1,Two,61.980428910095185
8.440453962930226,15.153314231851947,1,Two,69.03393088957131
17.025301321592416,12.71829403799997,0,Three,82.42675247541091
17.144007327747843,9.481794136240248,1,One,85.67412753833247
11.464372772321497,16.59931657149124,1,Two,81.94701139607271
4.354110560099367,13.399718837334538,1,Three,51.76826358617086
6.387778454615859,11.582361162160904,0,Two,47.13613078360934
10.153550738720465,13.910886085238953,0,Two,64.52911267175004
10.933857827772268,15.208493344170897,1,One,80.77226408106368
10.87004096072379,16.23489142199258,0,Three,72.20013803452198
13.409073423246795,12.157482053770106,1,Two,76.89828541012717
16.428294061816253,14.15922526865863,1,Two,91.17835554500283
5.864947213308613,13.329675685782055,1,Two,56.56395626087302
7.444418234100965,13.802677660387403,0,Three,55.5976191806771
6.476183924825882,13.211920106185083,1,One,62.07226916717471
9.31705715551944,13.873353789140094,1,Two,68.55355320566206
11.93034384544575,14.117152939796838,1,Two,77.21276693243
11.024274260183669,10.030187940228103,1,Two,64.26116960493165
1.9653854639506712,16.71686347300252,1,One,56.88430316392293
3.018382784467997,13.706649924397187,1,Three,48.41502199621587
10.095884248329785,17.81153114555463,1,Three,80.4292066034722
7.302083682599013,13.892981052328627,0,Two,55.697446336400844
15.34428159939492,17.763391245674505,0,Two,90.1016145275702
10.850942574883707,12.892919421978233,1,Three,70.52926798939288
19.883173651293312,16.1598134992328,1,One,110.71552064627487
10.878694680432659,13.079545967180643,0,One,68.61460777442161
14.063916799512013,13.612086112152392,1,Two,82.53214143181567
12.464189320899255,14.678414798723365,0,Two,73.55757134406497
4.893937502464907,12.883969242975269,1,Two,52.46372388328432
2.4051218125290967,15.004979510499808,0,Two,43.37105628880755
12.423407616443244,10.272200638121587,1,Two,69.17437488808035
13.767521686309095,17.52337090116626,1,Three,91.02751120108046
4.451788488708863,11.235289822027001,1,Two,47.00287757462499
4.999822898213823,15.498379590864493,1,Three,58.97498536556251
10.264864132730509,13.462122542146181,1,Three,70.13812511194716
12.871109901340207,14.603837035339483,1,Two,81.32166241044908
9.258920594108439,15.130203117733652,1,Two,71.49868983568017
9.572026447240503,9.370028770341897,1,Two,58.14485163481172
10.099424724540123,12.294642737185523,0,Two,60.34463849982864
18.84768892329315,13.236487702588262,1,Two,96.34027538208598
16.60755982178742,14.99401857920272,1,Three,93.49195358368537
7.318159155452909,12.743776195922612,1,Two,59.585777071989746
10.65113282434399,15.063216646742466,1,Three,75.30848093663867
14.15813231897868,16.32115819372144,1,Two,89.55672387736611
7.768115393578025,15.884453457858852,1,Two,68.77950928088049
12.439546153774893,14.676872313916501,1,Two,80.17329593887972
18.339102005162154,12.09901035758496,1,Two,91.94544476789997
4.265869404187827,15.19529773533289,1,Two,56.273781650574186
5.996191145456692,13.15880927054347,1,Three,56.229687379646606
10.484501741671496,13.447880447275013,0,Two,64.3980349854278
8.421904037262273,16.173947323955048,1,Two,71.51386948038963
11.0491284124194,12.363300628015677,0,Two,63.44194164268308
5.670801824228285,12.587009553493628,0,One,51.341471504669826
20.64668259578624,15.46404895369827,1,Two,107.4214024974444
11.795302583291123,13.655227028910224,1,One,79.56578658265545
15.982173899158322,13.342609392523542,1,One,91.69105330165738
0.7972870618753163,13.353703131664991,1,One,44.92447346602679
11.122985744992347,6.450053066269974,0,Three,48.65634558863341
15.88056079616391,15.544903594714896,1,Three,92.6210106614845
12.053510049524318,16.74467546400887,1,Three,83.80987583206209
5.683972595929164,14.519069611366152,0,One,56.184798035381675
5.471496402531314,14.198686234269285,0,Two,50.816184981623
7.546138835254185,12.627782233255965,1,Two,59.99998615424328
14.376283268982814,8.336924280003291,0,One,67.60360261756455
16.892562239627495,14.495186552376262,1,Two,93.44419365535151
4.265499687345182,15.28963268134515,1,Three,56.19316946937821
18.851683387764936,13.427096005533524,0,Two,90.1309013704692
13.517780980856962,14.650088528970707,0,One,80.65136168924575
6.498157238733441,16.22135603060762,0,One,62.9253763205054
21.058085545682445,15.024975649547063,0,One,104.81966669347705
12.407734641788881,12.694793435251732,1,Two,75.14818818808718
10.038309539378925,11.970684691933645,1,Three,65.73253345226225
11.666239714025219,13.949551229533505,1,Two,75.98227008497025
6.743864213272174,12.540602209460403,0,Two,50.61546187505909
10.449626052740234,15.604097792713308,1,Two,76.34601321561621
8.896585136185342,13.756930568481192,1,Two,66.96840898918298
7.543165848578901,14.228215294335408,1,Two,63.9692010955867
18.078419030472794,10.700973008491097,0,Two,80.97135833378957
4.579467837017836,12.96504463667607,0,Two,45.00068394074948
5.202082366030408,10.738890693321043,1,Three,47.76707639704695
8.94168801786158,14.256602681805886,0,Two,61.653990481045284
17.178253052659247,13.182785256933053,0,One,88.28413026535846
11.94398067244093,12.857494796492242,0,Three,67.1140447187791
12.610087095185694,13.178115397410505,1,Two,76.97321076139885
8.159061332461764,11.163597169796267,1,Two,58.24909505540977
7.210595703530259,10.622403746608194,0,Two,47.28547242381441
9.258820427651262,11.211308093311688,0,Two,55.06124278282118
3.6942267671543005,14.414363646198902,0,Two,45.87543655872112
12.24059888557308,14.203561376982115,1,Three,78.06968056433608
3.0777331254386393,13.53236346451794,1,Three,48.16467413952057
11.645472263394627,13.984527652070541,0,Two,69.30971740759246
15.413652492306278,12.184129206000035,1,Two,83.14189015509545
-2.8757209152038037,13.729365506717947,1,Three,30.308059759567413
17.717102455808778,14.760319092626284,1,Two,96.64418881623352
8.324221689201098,14.493729962971518,0,Two,60.340643560277364
9.306334051195156,13.483168411395486,1,Two,67.55058089214725
7.668988327427574,12.323039282062126,1,Two,59.6210286119629
2.8518403841922666,15.916402789189338,1,Three,53.39483183207446
13.19650472739774,10.227623014812288,0,Two,64.750460208026
-1.281917054463877,13.095497317339953,0,Two,27.262363096191095
4.237543693288332,13.313147317639759,1,Three,51.193847416258514
6.53752000695938,17.357943966277077,0,Two,61.95459456648785
3.6668745878925355,13.232759715667703,1,Two,49.54940144553352
7.487611536803146,17.713478324015664,0,Two,65.76621401329548
10.794419454339756,15.289380012147936,0,Two,69.93070848286028
6.683867368430743,11.726836717026465,0,Three,48.0937336680898
10.746104416972479,15.892492632454408,1,Two,77.97654444834198
14.520586222729882,11.591020543367218,0,One,76.13736379865139
13.010565164648629,14.560051646413202,0,Three,74.6330974266472
13.562087862209205,12.79821632441372,1,Three,78.64859227458776
14.105057548080254,17.36328379190432,1,Two,91.98369611522948
7.491956989179803,17.723828347364723,0,Two,65.80533329438988
2.367355433215332,15.814704120339227,0,Two,45.26749798722259
4.007025135605154,15.40891154144904,1,Two,56.00712405043995
7.289026347249575,15.492652033580638,0,One,63.55111835801883
6.3276658491412725,18.780688745157846,1,Two,71.54007912224456
11.915601556624274,12.90738877001927,1,One,78.07751741917187
,14.88551913829376,1,Two,71.25146845907186
11.766120235752812,12.32521298939003,1,Two,72.25226422313885
15.774115137219205,17.132955832508067,1,Two,96.55455686347405
14.600703559325826,16.18972186676636,1,Three,90.2798654331411
-2.8026039652844794,11.716816706438408,1,Two,25.844531717247676
9.134079486147721,14.054764287795317,1,Two,68.44063677805707
12.798920950931851,14.533687468114708,1,Two,80.92482431995788
9.544640155210649,14.015289330257,1,One,73.52513193217497
10.627314229539246,10.361806264190754,1,Two,63.862227858230135
9.081324640796726,14.495756334949776,1,One,73.29171725472982
10.573761747965236,16.281744328241853,0,Two,71.7175554081324
8.91764445434646,11.105041162712297,1,One,64.35863367349829
15.20316137099677,16.343455335467187,0,Three,85.82306828643652
11.926727630873296,16.23487716681229,1,Three,82.15191671010797
